   0.0815792   0.0000000   0.0000000   0.0000000   0.0000005   0.0000233   0.0001874   0.0006674   0.0015294   0.0027094   0.0040950
   0.1631584   0.0000000   0.0000000   0.0000000   0.0000067   0.0001221   0.0006073   0.0016113   0.0030461   0.0047286   0.0065042
   0.2447377   0.0000000   0.0000000   0.0000007   0.0000613   0.0005241   0.0017127   0.0035164   0.0056220   0.0077796   0.0098603
   0.3263169   0.0000000   0.0000000   0.0000178   0.0004111   0.0018434   0.0042118   0.0069475   0.0096286   0.0120824   0.0142858
   0.4078961   0.0000000   0.0000011   0.0002661   0.0020243   0.0053289   0.0090508   0.0124517   0.0153316   0.0177460   0.0198128
   0.4894753   0.0000000   0.0001070   0.0023131   0.0073605   0.0127074   0.0170474   0.0202997   0.0227548   0.0247065   0.0263569
   0.5710545   0.0000040   0.0029551   0.0118678   0.0199165   0.0251325   0.0282680   0.0302201   0.0315886   0.0327033   0.0337147
   0.6526337   0.0062423   0.0258840   0.0367072   0.0405753   0.0415621   0.0415342   0.0413095   0.0412100   0.0413143   0.0415919
   0.7342130   0.0900676   0.0815507   0.0708234   0.0634321   0.0582042   0.0546072   0.0522630   0.0508404   0.0500482   0.0496537
   0.8157922   0.1322024   0.1084729   0.0908771   0.0785638   0.0704505   0.0652073   0.0618798   0.0597907   0.0584639   0.0575846
   0.8973714   0.0939385   0.0895754   0.0870691   0.0813805   0.0761651   0.0722877   0.0695840   0.0676820   0.0662673   0.0651351
   0.9789506   0.0545674   0.0687404   0.0741498   0.0768475   0.0772371   0.0766114   0.0756360   0.0745229   0.0733446   0.0721402
   1.0605298   0.0712480   0.0622875   0.0675761   0.0736851   0.0779218   0.0801625   0.0808814   0.0805991   0.0797171   0.0785052
   1.1421091   0.0507746   0.0662382   0.0720751   0.0770917   0.0817471   0.0848328   0.0861853   0.0862329   0.0854435   0.0841706
   1.2236883   0.0922114   0.0858843   0.0848919   0.0870254   0.0895892   0.0912908   0.0918917   0.0915456   0.0905213   0.0890738
   1.3052675   0.1128271   0.1002888   0.1002156   0.1004892   0.0996732   0.0986801   0.0976176   0.0963504   0.0948376   0.0931297
   1.3868467   0.0728953   0.1120108   0.1170053   0.1131832   0.1087257   0.1051847   0.1024682   0.1002251   0.0981934   0.0962398
   1.4684259   0.1814253   0.1468301   0.1291301   0.1198013   0.1136428   0.1090501   0.1055129   0.1027155   0.1003866   0.0983250
   1.5500051   0.1376221   0.1305438   0.1224965   0.1173676   0.1132032   0.1094691   0.1062422   0.1035551   0.1013115   0.0993667
   1.6315844   0.0646178   0.0921991   0.1060783   0.1092869   0.1086690   0.1068555   0.1047742   0.1027969   0.1010266   0.0994374
   1.7131636   0.1178282   0.0976932   0.0990332   0.1015105   0.1025248   0.1024396   0.1017570   0.1008066   0.0997641   0.0987063
   1.7947428   0.1026934   0.1033662   0.0969215   0.0957727   0.0966675   0.0975890   0.0980820   0.0981422   0.0978791   0.0974170
   1.8763220   0.0918178   0.0894598   0.0903895   0.0908192   0.0919070   0.0933452   0.0945844   0.0953847   0.0957639   0.0958462
   1.9579012   0.0726353   0.0787162   0.0844014   0.0869132   0.0886125   0.0903190   0.0918436   0.0929903   0.0937625   0.0942593
   2.0394805   0.0848627   0.0846409   0.0838424   0.0852775   0.0871033   0.0887391   0.0901013   0.0912077   0.0921158   0.0928770
   2.1210597   0.0901221   0.0863125   0.0850120   0.0860256   0.0874153   0.0884574   0.0892711   0.0900768   0.0909522   0.0918620
   2.2026389   0.0803465   0.0825214   0.0871236   0.0886619   0.0889798   0.0889359   0.0890321   0.0895038   0.0903213   0.0913245
   2.2842181   0.0926204   0.0927761   0.0930258   0.0920885   0.0905513   0.0893922   0.0890158   0.0893837   0.0902491   0.0913371
   2.3657973   0.1027867   0.1041797   0.0980957   0.0935755   0.0906332   0.0892091   0.0890557   0.0897208   0.0907824   0.0919443
   2.4473765   0.1102345   0.1000451   0.0945130   0.0904741   0.0885874   0.0884760   0.0893862   0.0906825   0.0919950   0.0931563
   2.5289558   0.0831156   0.0821660   0.0828671   0.0838528   0.0857821   0.0882676   0.0906279   0.0925333   0.0939401   0.0949255
   2.6105350   0.0582330   0.0659508   0.0724807   0.0792371   0.0854722   0.0902485   0.0934729   0.0954553   0.0965669   0.0971161
   2.6921142   0.0646317   0.0655760   0.0733659   0.0832447   0.0908580   0.0956043   0.0981735   0.0993298   0.0996404   0.0994837
   2.7736934   0.0665935   0.0800253   0.0914645   0.0986163   0.1023625   0.1039054   0.1041277   0.1036081   0.1027168   0.1016865
   2.8552726   0.1206080   0.1249206   0.1241205   0.1202871   0.1162513   0.1127938   0.1098784   0.1073752   0.1052066   0.1033344
   2.9368518   0.1973797   0.1712844   0.1510781   0.1365243   0.1262550   0.1189450   0.1136195   0.1096162   0.1065190   0.1040703
   3.0184311   0.1869538   0.1650212   0.1503153   0.1376108   0.1275282   0.1198018   0.1139717   0.1095783   0.1062383   0.1036586
   3.1000103   0.1022662   0.1226293   0.1265231   0.1243315   0.1197759   0.1149089   0.1105922   0.1070600   0.1042624   0.1020529
   3.1815895   0.0940991   0.0952096   0.1014745   0.1057692   0.1068477   0.1059635   0.1042878   0.1024906   0.1008462   0.0994142
   3.2631687   0.0799244   0.0826262   0.0857962   0.0900192   0.0936025   0.0957152   0.0966160   0.0967754   0.0965314   0.0960747
   3.3447479   0.0771000   0.0766505   0.0770189   0.0795600   0.0832052   0.0866384   0.0892564   0.0909903   0.0919913   0.0924546
   3.4263272   0.0738892   0.0700615   0.0713688   0.0735937   0.0766523   0.0801960   0.0834828   0.0860608   0.0878481   0.0889609
   3.5079064   0.0562085   0.0656192   0.0690740   0.0711561   0.0737279   0.0768244   0.0799139   0.0825384   0.0845224   0.0858963
   3.5894856   0.0763303   0.0717223   0.0702824   0.0716995   0.0738920   0.0762467   0.0785146   0.0805199   0.0821577   0.0834054
   3.6710648   0.0679223   0.0711103   0.0730318   0.0748854   0.0765032   0.0777180   0.0787314   0.0796983   0.0806291   0.0814685
   3.7526440   0.0756800   0.0754778   0.0788678   0.0803805   0.0805352   0.0801202   0.0796838   0.0795072   0.0796247   0.0799386
   3.8342232   0.0887199   0.0891545   0.0883758   0.0865750   0.0842655   0.0820884   0.0804011   0.0793141   0.0787651   0.0786068
   3.9158025   0.1029580   0.1015914   0.0954008   0.0898755   0.0855776   0.0823640   0.0801012   0.0786136   0.0777250   0.0772708
   3.9973817   0.1141595   0.0994628   0.0922809   0.0870289   0.0830786   0.0803247   0.0784474   0.0771685   0.0763176   0.0757891
   4.0789609   0.0721898   0.0780202   0.0795178   0.0783973   0.0772319   0.0763598   0.0756594   0.0750489   0.0745225   0.0741030
   4.1605401   0.0597224   0.0636221   0.0653152   0.0681070   0.0703619   0.0717347   0.0723858   0.0725545   0.0724499   0.0722294
   4.2421193   0.0539410   0.0516627   0.0558001   0.0611676   0.0652974   0.0679154   0.0693694   0.0700513   0.0702657   0.0702289
   4.3236986   0.0317212   0.0473038   0.0556797   0.0603743   0.0635809   0.0657449   0.0670776   0.0677995   0.0681091   0.0681691
   4.4052778   0.0766320   0.0669776   0.0647551   0.0643310   0.0645419   0.0650216   0.0655042   0.0658538   0.0660400   0.0660967
   4.4868570   0.0819543   0.0792650   0.0725646   0.0683277   0.0659435   0.0647486   0.0642470   0.0640781   0.0640330   0.0640297
   4.5684362   0.0704607   0.0737733   0.0718157   0.0684628   0.0656771   0.0638387   0.0627876   0.0622506   0.0620161   0.0619698
   4.6500154   0.0722618   0.0656016   0.0654451   0.0645339   0.0630857   0.0617524   0.0607864   0.0601965   0.0599288   0.0599284
   4.7315946   0.0548596   0.0573160   0.0581005   0.0588334   0.0589761   0.0586717   0.0582224   0.0578772   0.0577753   0.0579544
   4.8131739   0.0447553   0.0505763   0.0522780   0.0536233   0.0546893   0.0552092   0.0553397   0.0554104   0.0556530   0.0561532
   4.8947531   0.0567965   0.0484534   0.0487820   0.0500221   0.0511864   0.0519594   0.0524922   0.0530372   0.0537545   0.0546919
   4.9763323   0.0409730   0.0460915   0.0471827   0.0480939   0.0486583   0.0492277   0.0500243   0.0510770   0.0523491   0.0537880
   5.0579115   0.0436088   0.0462195   0.0473764   0.0470106   0.0466649   0.0470968   0.0482687   0.0498984   0.0517516   0.0536834
   5.1394907   0.0479566   0.0506529   0.0474304   0.0452104   0.0447526   0.0457545   0.0476254   0.0498991   0.0522802   0.0546069
   5.2210700   0.0625900   0.0472416   0.0427416   0.0419276   0.0433614   0.0458071   0.0486093   0.0514656   0.0542023   0.0567307
   5.3026492   0.0184441   0.0299794   0.0348714   0.0396686   0.0442504   0.0482398   0.0517554   0.0548899   0.0576721   0.0601276
   5.3842284   0.0238210   0.0252078   0.0349223   0.0436200   0.0495591   0.0539108   0.0573843   0.0602544   0.0626700   0.0647389
   5.4658076   0.0282959   0.0422653   0.0515565   0.0564218   0.0599298   0.0628988   0.0653535   0.0673355   0.0689684   0.0703632
   5.5473868   0.0933218   0.0861986   0.0779385   0.0741282   0.0736189   0.0742333   0.0749590   0.0755840   0.0761422   0.0766725
   5.6289660   0.1286575   0.1077709   0.0950872   0.0900485   0.0877334   0.0862263   0.0850695   0.0842149   0.0836339   0.0832562
   5.7105453   0.0760456   0.0914194   0.1008472   0.1022152   0.1000658   0.0970905   0.0944372   0.0923873   0.0908575   0.0896815
   5.7921245   0.0869446   0.1048503   0.1123870   0.1126240   0.1093499   0.1054273   0.1020599   0.0994133   0.0973114   0.0955545
   5.8737037   0.1698255   0.1425210   0.1276895   0.1198100   0.1144832   0.1105368   0.1074645   0.1049141   0.1026569   0.1005649
   5.9552829   0.1347229   0.1372693   0.1272932   0.1191896   0.1149958   0.1126860   0.1108101   0.1088553   0.1067361   0.1044998
   6.0368621   0.1121039   0.1092935   0.1105430   0.1115268   0.1126223   0.1131492   0.1127333   0.1114423   0.1095235   0.1072304
   6.1184414   0.0790797   0.0850918   0.0952835   0.1053535   0.1111524   0.1136126   0.1139451   0.1129159   0.1110387   0.1086807
   6.2000206   0.0654467   0.0820940   0.0992949   0.1088134   0.1134475   0.1150277   0.1147548   0.1133516   0.1112642   0.1087988
   6.2815998   0.1190733   0.1267483   0.1231561   0.1202859   0.1184618   0.1167653   0.1148119   0.1125697   0.1101145   0.1075487
   6.3631790   0.1998288   0.1632658   0.1412179   0.1290935   0.1217556   0.1169047   0.1132676   0.1102171   0.1074741   0.1049281
   6.4447582   0.1240050   0.1372593   0.1347645   0.1265899   0.1191847   0.1135264   0.1092796   0.1059796   0.1032889   0.1010074
   6.5263374   0.1138499   0.1132691   0.1150997   0.1136544   0.1099624   0.1059699   0.1025433   0.0998129   0.0976663   0.0959720
   6.6079167   0.0989023   0.0953241   0.0950925   0.0965799   0.0964590   0.0951481   0.0935281   0.0920715   0.0909382   0.0901481
   6.6894959   0.0628782   0.0732947   0.0781529   0.0802341   0.0819218   0.0829250   0.0833282   0.0834796   0.0836557   0.0839998
   6.7710751   0.0744906   0.0670693   0.0650557   0.0663202   0.0687581   0.0712326   0.0732829   0.0749747   0.0765231   0.0780948
   6.8526543   0.0506994   0.0525229   0.0529258   0.0552573   0.0583045   0.0615095   0.0646052   0.0675126   0.0702974   0.0730489
   6.9342335   0.0308235   0.0373208   0.0439385   0.0479539   0.0511934   0.0545663   0.0581781   0.0619163   0.0656923   0.0694638
   7.0158127   0.0360703   0.0402955   0.0428031   0.0449328   0.0474988   0.0507128   0.0545417   0.0588110   0.0633104   0.0678705
   7.0973920   0.0587053   0.0499359   0.0451936   0.0449341   0.0468805   0.0500039   0.0540055   0.0586331   0.0636091   0.0686855
   7.1789712   0.0445855   0.0444619   0.0451209   0.0466933   0.0490925   0.0525079   0.0567858   0.0616714   0.0668891   0.0721802
   7.2605504   0.0279558   0.0395109   0.0473513   0.0510607   0.0544501   0.0584737   0.0630824   0.0680910   0.0732854   0.0784575
   7.3421296   0.0606582   0.0581006   0.0569182   0.0595906   0.0637272   0.0682850   0.0730480   0.0779134   0.0827489   0.0874357
   7.4237088   0.0784732   0.0703923   0.0694235   0.0730957   0.0776566   0.0822079   0.0866627   0.0909555   0.0950187   0.0988386
   7.5052881   0.0586178   0.0751625   0.0868265   0.0924114   0.0963822   0.1000776   0.1035771   0.1067552   0.1095991   0.1122004
   7.5868673   0.1096256   0.1142760   0.1156903   0.1171939   0.1190345   0.1211083   0.1230033   0.1245261   0.1257630   0.1268938
   7.6684465   0.1750253   0.1567846   0.1469770   0.1441563   0.1438249   0.1439183   0.1437012   0.1431796   0.1426033   0.1421874
   7.7500257   0.1575573   0.1688038   0.1708926   0.1700252   0.1687383   0.1666862   0.1640794   0.1614396   0.1591412   0.1573324
   7.8316049   0.1853264   0.1902275   0.1936627   0.1945092   0.1918545   0.1873021   0.1824181   0.1780533   0.1744803   0.1716632
   7.9131841   0.2324197   0.2204097   0.2201594   0.2170725   0.2107073   0.2035896   0.1972351   0.1920663   0.1879733   0.1846912
   7.9947634   0.2419919   0.2501652   0.2440734   0.2325030   0.2220677   0.2139051   0.2077605   0.2030844   0.1993468   0.1961614
   8.0763426   0.3004304   0.2730975   0.2488918   0.2333530   0.2239065   0.2181527   0.2143495   0.2114072   0.2087290   0.2060497
   8.1579218   0.2510357   0.2312104   0.2228762   0.2194435   0.2184892   0.2185341   0.2185362   0.2179249   0.2165489   0.2144969
   8.2395010   0.1246085   0.1648873   0.1889382   0.2034058   0.2128995   0.2190486   0.2225032   0.2237566   0.2233254   0.2216955
   8.3210802   0.1664903   0.1653478   0.1834569   0.2016723   0.2150382   0.2235279   0.2280763   0.2297419   0.2294173   0.2277691
   8.4026595   0.1973033   0.2054365   0.2111471   0.2198775   0.2280314   0.2333098   0.2357299   0.2360132   0.2348364   0.2326893
   8.4842387   0.2743386   0.2567822   0.2524993   0.2497202   0.2478993   0.2461896   0.2442060   0.2418726   0.2392107   0.2362647
   8.5658179   0.2857608   0.2969438   0.2882859   0.2769270   0.2660341   0.2574561   0.2510383   0.2460651   0.2419221   0.2382072
   8.6473971   0.3249002   0.3186102   0.3057516   0.2891422   0.2741234   0.2623865   0.2537349   0.2473298   0.2423636   0.2382517
   8.7289763   0.3427261   0.3146965   0.2953907   0.2804922   0.2684548   0.2586866   0.2509751   0.2449657   0.2402043   0.2362805
   8.8105555   0.2643391   0.2609451   0.2576517   0.2550200   0.2516227   0.2474972   0.2431801   0.2391374   0.2355492   0.2324052
   8.8921348   0.1679396   0.1976962   0.2157358   0.2256006   0.2307138   0.2325101   0.2322090   0.2307984   0.2289327   0.2269767
   8.9737140   0.1853008   0.1854582   0.1940221   0.2048569   0.2128949   0.2178796   0.2204388   0.2213072   0.2211657   0.2205256
   9.0552932   0.1905012   0.1887369   0.1915937   0.1961809   0.2015165   0.2062949   0.2097882   0.2119529   0.2131149   0.2136625
   9.1368724   0.1907976   0.1976417   0.1960423   0.1943327   0.1955634   0.1982974   0.2011787   0.2036169   0.2055148   0.2069766
   9.2184516   0.2220693   0.2055790   0.1958764   0.1927770   0.1921198   0.1929012   0.1945855   0.1966877   0.1988772   0.2009660
   9.3000309   0.1840945   0.1833243   0.1882088   0.1894753   0.1889651   0.1887215   0.1894906   0.1912066   0.1935081   0.1960102
   9.3816101   0.1333383   0.1751844   0.1846656   0.1858594   0.1852206   0.1848114   0.1854145   0.1871192   0.1895920   0.1923740
   9.4631893   0.2534622   0.1992101   0.1854854   0.1817194   0.1807502   0.1809994   0.1822852   0.1844901   0.1872740   0.1902183
   9.5447685   0.1572283   0.1790842   0.1770056   0.1754919   0.1760878   0.1779299   0.1805463   0.1835770   0.1866845   0.1895957
   9.6263477   0.1540152   0.1557949   0.1643960   0.1691916   0.1729184   0.1769176   0.1809994   0.1847295   0.1878817   0.1904200
   9.7079269   0.1493645   0.1562386   0.1615586   0.1677483   0.1737861   0.1795223   0.1844226   0.1881467   0.1907323   0.1924216
   9.7895062   0.1750713   0.1678542   0.1692592   0.1741875   0.1808653   0.1868107   0.1910547   0.1935867   0.1947869   0.1951161
   9.8710854   0.1726162   0.1808682   0.1832319   0.1890478   0.1947550   0.1984999   0.2001244   0.2001604   0.1992232   0.1978174
   9.9526646   0.1941350   0.1960045   0.2059990   0.2119500   0.2135319   0.2123492   0.2096644   0.2063382   0.2029149   0.1997166
  10.0342438   0.2025796   0.2364745   0.2419585   0.2387573   0.2320118   0.2242575   0.2168246   0.2102370   0.2046428   0.2000252
  10.1158230   0.3521596   0.2989696   0.2757283   0.2579699   0.2424978   0.2294166   0.2187080   0.2101427   0.2034011   0.1981528
  10.1974023   0.2951237   0.2988948   0.2779586   0.2559881   0.2382477   0.2243253   0.2134664   0.2050936   0.1987065   0.1938681
  10.2789815   0.2687633   0.2537483   0.2408486   0.2288479   0.2179325   0.2086621   0.2011605   0.1952911   0.1907930   0.1873905
  10.3605607   0.1710110   0.1764343   0.1830869   0.1868517   0.1871612   0.1857686   0.1839216   0.1821437   0.1806126   0.1793754
  10.4421399   0.0921908   0.1158644   0.1341221   0.1466636   0.1553799   0.1613140   0.1652853   0.1679025   0.1696252   0.1707900
  10.5237191   0.1139335   0.1041734   0.1090728   0.1194594   0.1308465   0.1409743   0.1490026   0.1550198   0.1594441   0.1627115
  10.6052983   0.0954068   0.0980697   0.0999488   0.1071073   0.1176997   0.1284851   0.1378737   0.1454789   0.1514533   0.1561063
  10.6868776   0.0951311   0.0939027   0.0995876   0.1075585   0.1161542   0.1248614   0.1330638   0.1403351   0.1465188   0.1516502
  10.7684568   0.0819869   0.1002939   0.1121985   0.1189136   0.1237800   0.1286966   0.1340755   0.1396018   0.1448725   0.1496345
  10.8500360   0.1410199   0.1401853   0.1382538   0.1369497   0.1363621   0.1370954   0.1392593   0.1424642   0.1461784   0.1499716
  10.9316152   0.1939041   0.1747017   0.1618583   0.1537205   0.1490724   0.1468892   0.1465826   0.1476870   0.1497285   0.1522816
  11.0131944   0.1703223   0.1748324   0.1691793   0.1629704   0.1585626   0.1557799   0.1543330   0.1540345   0.1546820   0.1560220
  11.0947736   0.1609537   0.1637505   0.1650973   0.1655798   0.1645030   0.1629334   0.1615023   0.1605575   0.1602664   0.1606187
  11.1763529   0.1511448   0.1550768   0.1630721   0.1673367   0.1688701   0.1687184   0.1677678   0.1666885   0.1658963   0.1655645
  11.2579321   0.1673151   0.1685030   0.1702544   0.1722298   0.1736376   0.1738562   0.1731949   0.1721813   0.1712025   0.1704731
  11.3395113   0.1983597   0.1860400   0.1807043   0.1794730   0.1791418   0.1786639   0.1779149   0.1769853   0.1760001   0.1750888
  11.4210905   0.1757883   0.1864831   0.1877643   0.1862025   0.1842655   0.1829082   0.1819789   0.1811401   0.1802297   0.1792666
  11.5026697   0.1804335   0.1928043   0.1931239   0.1902509   0.1876985   0.1862321   0.1854137   0.1847198   0.1838983   0.1829390
  11.5842490   0.2313364   0.2038349   0.1942113   0.1904739   0.1891630   0.1886850   0.1883333   0.1878050   0.1870315   0.1860831
  11.6658282   0.1818662   0.1861672   0.1866564   0.1882339   0.1899338   0.1908461   0.1909325   0.1904487   0.1896417   0.1886997
  11.7474074   0.1544332   0.1691246   0.1811723   0.1884295   0.1920525   0.1933602   0.1933206   0.1926306   0.1917177   0.1908086
  11.8289866   0.1700399   0.1841839   0.1907044   0.1948292   0.1963505   0.1962237   0.1953347   0.1942415   0.1932429   0.1924629
  11.9105658   0.2403840   0.2161580   0.2088989   0.2043560   0.2010467   0.1984920   0.1965417   0.1951441   0.1942453   0.1937756
  11.9921450   0.2181469   0.2279577   0.2184020   0.2091176   0.2027870   0.1988340   0.1965190   0.1953129   0.1948649   0.1949472
  12.0737243   0.2381819   0.2189472   0.2105495   0.2042280   0.1995107   0.1966243   0.1952752   0.1949926   0.1954105   0.1962804
  12.1553035   0.1736795   0.1875496   0.1911907   0.1923232   0.1924411   0.1927265   0.1935215   0.1947745   0.1963683   0.1981657
  12.2368827   0.1682652   0.1671526   0.1748375   0.1807653   0.1854808   0.1893324   0.1925747   0.1955237   0.1983437   0.2010333
  12.3184619   0.1553464   0.1662408   0.1695389   0.1758002   0.1828930   0.1889590   0.1939150   0.1981682   0.2019418   0.2052756
  12.4000411   0.1894766   0.1713061   0.1732958   0.1802003   0.1872057   0.1932853   0.1986498   0.2034371   0.2076187   0.2111559
  12.4816204   0.1518523   0.1753699   0.1876420   0.1940844   0.1982637   0.2025448   0.2071812   0.2116543   0.2155485   0.2187265
  12.5631996   0.2117412   0.2136318   0.2155283   0.2137896   0.2135901   0.2157968   0.2192061   0.2226437   0.2255397   0.2277793
  12.6447788   0.2842405   0.2613834   0.2407855   0.2319240   0.2303338   0.2317925   0.2339193   0.2357364   0.2370192   0.2378440
  12.7263580   0.2672129   0.2507530   0.2449698   0.2453771   0.2478378   0.2496172   0.2501618   0.2498340   0.2490917   0.2482430
  12.8079372   0.1878721   0.2210080   0.2471650   0.2618053   0.2677202   0.2683556   0.2663820   0.2635202   0.2606716   0.2581989
  12.8895164   0.2524450   0.2622633   0.2805443   0.2895316   0.2900111   0.2860277   0.2805837   0.2752588   0.2706802   0.2669765
  12.9710957   0.3602393   0.3521667   0.3354008   0.3213204   0.3094197   0.2991616   0.2906121   0.2837202   0.2782798   0.2740310
  13.0526749   0.4404256   0.4005642   0.3646607   0.3368243   0.3173836   0.3041557   0.2949193   0.2881865   0.2830895   0.2791247
  13.1342541   0.3556337   0.3581505   0.3414430   0.3232639   0.3092598   0.2998275   0.2934648   0.2888722   0.2853035   0.2823743
  13.2158333   0.2715641   0.2797266   0.2860792   0.2890136   0.2895173   0.2890014   0.2880876   0.2869540   0.2856501   0.2842099
  13.2974125   0.2082045   0.2185617   0.2377362   0.2562727   0.2695129   0.2774800   0.2819193   0.2842206   0.2851818   0.2852506
  13.3789918   0.1892084   0.2015688   0.2229526   0.2437034   0.2598373   0.2709224   0.2780611   0.2824545   0.2849579   0.2861315
  13.4605710   0.2129262   0.2341772   0.2452421   0.2547023   0.2637989   0.2719060   0.2782902   0.2828250   0.2857333   0.2873343
  13.5421502   0.3011009   0.2952648   0.2838973   0.2776920   0.2768393   0.2791853   0.2825304   0.2855624   0.2877654   0.2890732
  13.6237294   0.3616918   0.3263246   0.3084747   0.2972246   0.2913853   0.2892777   0.2892611   0.2900228   0.2907974   0.2912676
  13.7053086   0.2927214   0.3101103   0.3102325   0.3068132   0.3024080   0.2987965   0.2964374   0.2950446   0.2942017   0.2936021
  13.7868878   0.2895050   0.2972178   0.3076480   0.3106920   0.3091394   0.3057932   0.3023004   0.2993883   0.2972119   0.2956466
  13.8684671   0.3161770   0.3149086   0.3141022   0.3141875   0.3127733   0.3096267   0.3057328   0.3020818   0.2991586   0.2969950
  13.9500463   0.3400754   0.3289085   0.3210325   0.3168462   0.3137372   0.3101585   0.3062403   0.3026072   0.2996436   0.2973812
  14.0316255   0.3250318   0.3208944   0.3192866   0.3154587   0.3112289   0.3072936   0.3038452   0.3009576   0.2986224   0.2967408
  14.1132047   0.2985049   0.3113998   0.3117682   0.3085645   0.3044259   0.3012089   0.2990843   0.2976089   0.2963870   0.2952051
  14.1947839   0.3157480   0.3056124   0.3004008   0.2961996   0.2937336   0.2929054   0.2930572   0.2934104   0.2934585   0.2930336
  14.2763632   0.2933858   0.2870686   0.2810245   0.2797182   0.2815494   0.2844882   0.2873144   0.2893673   0.2904079   0.2905036
  14.3579424   0.2549302   0.2509655   0.2567286   0.2645325   0.2722265   0.2787173   0.2834257   0.2863147   0.2876466   0.2877938
  14.4395216   0.1906553   0.2259465   0.2452815   0.2596281   0.2703615   0.2777750   0.2822922   0.2845622   0.2852479   0.2848983
  14.5211008   0.2652127   0.2518922   0.2604143   0.2703794   0.2776329   0.2817908   0.2835227   0.2836616   0.2828713   0.2816088
  14.6026800   0.2809731   0.2944047   0.2934485   0.2921403   0.2905149   0.2881061   0.2852871   0.2824517   0.2798420   0.2775787
  14.6842592   0.3666576   0.3359337   0.3240058   0.3121876   0.3011760   0.2920367   0.2848811   0.2794320   0.2753825   0.2724589
  14.7658385   0.3400989   0.3483509   0.3346287   0.3172398   0.3013905   0.2889840   0.2798460   0.2733560   0.2689296   0.2660633
  14.8474177   0.3398254   0.3323187   0.3163173   0.3002730   0.2870866   0.2767853   0.2691248   0.2638071   0.2604216   0.2585100
  14.9289969   0.3018754   0.2800852   0.2694732   0.2646968   0.2608050   0.2569206   0.2536691   0.2515026   0.2504419   0.2502815
  15.0105761   0.1773768   0.1959100   0.2129214   0.2241049   0.2303777   0.2338721   0.2361991   0.2381881   0.2401536   0.2421776
  15.0921553   0.1240351   0.1562306   0.1788573   0.1936722   0.2044623   0.2131331   0.2202786   0.2261636   0.2310378   0.2351675
  15.1737345   0.1987437   0.1775722   0.1733892   0.1786546   0.1883744   0.1991834   0.2091794   0.2176291   0.2245231   0.2301848
  15.2553138   0.1888049   0.1804459   0.1727182   0.1748262   0.1835607   0.1944714   0.2049906   0.2140830   0.2216270   0.2279301
  15.3368930   0.1488184   0.1584777   0.1699285   0.1800536   0.1898131   0.1993593   0.2081794   0.2159582   0.2227278   0.2287448
  15.4184722   0.1443875   0.1649418   0.1848766   0.1979437   0.2062256   0.2123199   0.2175888   0.2225842   0.2275371   0.2325973
  15.5000514   0.2211767   0.2238140   0.2258508   0.2283224   0.2296335   0.2300911   0.2308152   0.2324782   0.2352820   0.2391883
  15.5816306   0.3068610   0.2868938   0.2712516   0.2611191   0.2536871   0.2482604   0.2449398   0.2438860   0.2450437   0.2481409
  15.6632099   0.2948826   0.3069114   0.2973509   0.2831905   0.2712131   0.2626985   0.2575166   0.2554288   0.2561490   0.2592155
  15.7447891   0.3350414   0.3111331   0.2994296   0.2881036   0.2783286   0.2713862   0.2675295   0.2666627   0.2684906   0.2724742
  15.8263683   0.2899388   0.2868954   0.2820515   0.2791864   0.2768616   0.2755440   0.2759272   0.2783601   0.2826671   0.2883332
  15.9079475   0.2324474   0.2483567   0.2594235   0.2669530   0.2734565   0.2793175   0.2854768   0.2923986   0.2998751   0.3074669
  15.9895267   0.2434809   0.2410493   0.2502973   0.2636433   0.2763122   0.2882557   0.2999896   0.3112610   0.3215620   0.3305758
  16.0711059   0.2425169   0.2503267   0.2633515   0.2773383   0.2918321   0.3075502   0.3232156   0.3372659   0.3489101   0.3580692
  16.1526852   0.2605786   0.2885737   0.3003027   0.3091997   0.3233751   0.3408554   0.3577139   0.3717122   0.3822881   0.3897515
  16.2342644   0.4040894   0.3624708   0.3501956   0.3566096   0.3725201   0.3896326   0.4038528   0.4141492   0.4208296   0.4246101
  16.3158436   0.3800591   0.3916050   0.4019654   0.4219066   0.4400832   0.4522491   0.4590521   0.4619946   0.4622891   0.4607886
  16.3974228   0.4024393   0.4356833   0.4850575   0.5133144   0.5230341   0.5226135   0.5175656   0.5107033   0.5032735   0.4957837
  16.4790020   0.5377844   0.6090661   0.6299659   0.6247378   0.6087107   0.5897298   0.5712832   0.5545874   0.5398385   0.5268395
  16.5605813   0.9787666   0.8576465   0.7764040   0.7186781   0.6749457   0.6401970   0.6117766   0.5881614   0.5683194   0.5514501
  16.6421605   0.9357433   0.8906805   0.8143524   0.7502589   0.7015396   0.6636565   0.6330349   0.6076088   0.5861567   0.5678394
  16.7237397   0.7342106   0.7369859   0.7336700   0.7118494   0.6845840   0.6579396   0.6336035   0.6118144   0.5924564   0.5752846
  16.8053189   0.5722729   0.5933885   0.6229316   0.6389787   0.6389866   0.6299482   0.6169137   0.6025326   0.5881021   0.5741961
  16.8868981   0.4776307   0.5238370   0.5506578   0.5727869   0.5867266   0.5915169   0.5896074   0.5836370   0.5753953   0.5659378
  16.9684773   0.5552588   0.5222042   0.5191518   0.5295138   0.5431224   0.5534901   0.5588620   0.5598152   0.5573714   0.5524521
  17.0500566   0.4924022   0.5002322   0.5001470   0.5040606   0.5123753   0.5220319   0.5301645   0.5352671   0.5370287   0.5358026
  17.1316358   0.4751787   0.4770523   0.4844739   0.4876951   0.4917292   0.4985868   0.5064060   0.5128495   0.5167038   0.5177583
  17.2132150   0.4684021   0.4756824   0.4755511   0.4752200   0.4771780   0.4820241   0.4881820   0.4938042   0.4977273   0.4995148
  17.2947942   0.4937103   0.4746450   0.4655490   0.4637074   0.4666237   0.4706624   0.4745649   0.4779316   0.4803817   0.4815957
  17.3763734   0.4499950   0.4476173   0.4480346   0.4545654   0.4601744   0.4628427   0.4637071   0.4639897   0.4641014   0.4639256
  17.4579527   0.3945275   0.4147653   0.4401607   0.4540829   0.4576963   0.4562309   0.4531562   0.4501677   0.4478178   0.4460287
  17.5395319   0.4080992   0.4484308   0.4636788   0.4623145   0.4551101   0.4471824   0.4402028   0.4345909   0.4303586   0.4272848
  17.6211111   0.5975562   0.5347398   0.4912523   0.4626222   0.4440823   0.4315582   0.4225512   0.4158253   0.4108144   0.4071775
  17.7026903   0.5336778   0.5049201   0.4627631   0.4348032   0.4179119   0.4069693   0.3991746   0.3932857   0.3887967   0.3854750
  17.7842695   0.3500680   0.3653546   0.3783023   0.3807963   0.3783785   0.3746251   0.3708226   0.3674003   0.3645328   0.3623120
  17.8658487   0.2271904   0.2653339   0.3029388   0.3250785   0.3351579   0.3388736   0.3397365   0.3394434   0.3387849   0.3381671
  17.9474280   0.2621271   0.2654739   0.2742613   0.2871717   0.2977779   0.3046091   0.3086765   0.3111016   0.3126341   0.3137586
  18.0290072   0.2990117   0.2812115   0.2671661   0.2649078   0.2690690   0.2747580   0.2798711   0.2839715   0.2872150   0.2899004
  18.1105864   0.2573826   0.2540883   0.2503129   0.2460768   0.2462115   0.2497369   0.2544882   0.2592067   0.2634936   0.2673656
  18.1921656   0.2139601   0.2215279   0.2243412   0.2250897   0.2259857   0.2286785   0.2327604   0.2374137   0.2421481   0.2467931
  18.2737448   0.1965046   0.1968473   0.2006306   0.2045836   0.2077724   0.2108076   0.2144362   0.2187578   0.2235643   0.2286533
  18.3553241   0.1764382   0.1808020   0.1839013   0.1885838   0.1926253   0.1958428   0.1991606   0.2031623   0.2079149   0.2132659
  18.4369033   0.1676181   0.1701344   0.1749068   0.1783872   0.1810578   0.1836221   0.1866446   0.1904990   0.1952731   0.2008515
  18.5184825   0.1683822   0.1717642   0.1725478   0.1718946   0.1721140   0.1738085   0.1767327   0.1807261   0.1857170   0.1915893
  18.6000617   0.1876830   0.1772183   0.1691715   0.1649587   0.1643358   0.1661351   0.1694881   0.1739680   0.1793969   0.1856611
  18.6816409   0.1649099   0.1609589   0.1562377   0.1556369   0.1575860   0.1609066   0.1652807   0.1705318   0.1765527   0.1832675
  18.7632201   0.1348632   0.1307235   0.1400123   0.1479443   0.1538008   0.1591477   0.1647605   0.1708567   0.1774838   0.1846123
  18.8447994   0.0848001   0.1219177   0.1389517   0.1485162   0.1556283   0.1621569   0.1686656   0.1754050   0.1824829   0.1898618
  18.9263786   0.1817590   0.1616737   0.1567038   0.1589408   0.1643920   0.1708335   0.1775524   0.1845290   0.1917536   0.1990852
  19.0079578   0.1941275   0.1827270   0.1752553   0.1754241   0.1796903   0.1853171   0.1916063   0.1983651   0.2053275   0.2121873
  19.0895370   0.1781130   0.1804587   0.1901166   0.1962122   0.2005060   0.2050969   0.2106266   0.2167774   0.2229924   0.2288437
  19.1711162   0.1760030   0.2036734   0.2172847   0.2229088   0.2257765   0.2293791   0.2341479   0.2393359   0.2442273   0.2484433
  19.2526955   0.2833303   0.2660592   0.2575332   0.2536262   0.2542485   0.2574859   0.2615481   0.2652737   0.2681424   0.2700522
  19.3342747   0.3282421   0.3057674   0.2879942   0.2832264   0.2853248   0.2890605   0.2919652   0.2933865   0.2934317   0.2924118
  19.4158539   0.2791943   0.2924403   0.3040227   0.3134337   0.3202260   0.3236700   0.3239533   0.3219029   0.3183714   0.3139873
  19.4974331   0.2771163   0.3084973   0.3372616   0.3539659   0.3602214   0.3596109   0.3550488   0.3484387   0.3409091   0.3330833
  19.5790123   0.3948323   0.4014558   0.4060645   0.4071316   0.4019524   0.3926923   0.3816572   0.3701794   0.3588784   0.3480217
  19.6605915   0.5260870   0.5050350   0.4805146   0.4564557   0.4352885   0.4165079   0.3996517   0.3843576   0.3703263   0.3573615
  19.7421708   0.5838822   0.5518368   0.5125662   0.4769729   0.4480409   0.4248838   0.4056457   0.3889180   0.3738771   0.3601133
  19.8237500   0.5326551   0.5037183   0.4807921   0.4566037   0.4343999   0.4151774   0.3983375   0.3831034   0.3690164   0.3558954
  19.9053292   0.3769715   0.4026196   0.4078330   0.4060227   0.3994018   0.3899459   0.3790953   0.3676719   0.3561879   0.3449892
  19.9869084   0.3242861   0.3198866   0.3352925   0.3488743   0.3554227   0.3555744   0.3513549   0.3446229   0.3366682   0.3282786
  20.0684876   0.2328252   0.2713668   0.2894037   0.3038863   0.3140409   0.3188357   0.3191726   0.3165670   0.3122716   0.3070965
  20.1500668   0.2997650   0.2697322   0.2697863   0.2746784   0.2799399   0.2838431   0.2858131   0.2860584   0.2850045   0.2830239
  20.2316461   0.2406235   0.2619840   0.2574328   0.2525615   0.2506949   0.2513028   0.2531553   0.2551891   0.2567869   0.2576933
  20.3132253   0.2710042   0.2465191   0.2352202   0.2264955   0.2212144   0.2201018   0.2220738   0.2255472   0.2292973   0.2326290
  20.3948045   0.1908400   0.2013620   0.1968981   0.1914811   0.1888610   0.1897081   0.1932999   0.1984045   0.2039227   0.2091374
  20.4763837   0.1601887   0.1484572   0.1484130   0.1513422   0.1559477   0.1616043   0.1680312   0.1748869   0.1817464   0.1882364
  20.5579629   0.0831072   0.0928513   0.1035450   0.1165120   0.1285561   0.1388860   0.1478403   0.1559480   0.1635169   0.1706130
  20.6395422   0.0438249   0.0597777   0.0804324   0.0980875   0.1127003   0.1244487   0.1339845   0.1421527   0.1495901   0.1566057
  20.7211214   0.0666778   0.0783297   0.0890244   0.1001255   0.1102955   0.1190736   0.1266379   0.1334376   0.1398876   0.1462161
  20.8027006   0.1301051   0.1216435   0.1166200   0.1159802   0.1176817   0.1207256   0.1246090   0.1290525   0.1339291   0.1391609
  20.8842798   0.1649892   0.1491101   0.1411618   0.1331475   0.1277819   0.1255216   0.1257675   0.1277720   0.1309627   0.1349625
  20.9658590   0.1494484   0.1588415   0.1511947   0.1417581   0.1342438   0.1297097   0.1279424   0.1283016   0.1301644   0.1330617
  21.0474382   0.1718854   0.1534246   0.1448969   0.1392718   0.1346503   0.1313969   0.1297726   0.1296803   0.1308340   0.1329243
  21.1290175   0.1134030   0.1237806   0.1284155   0.1302558   0.1309878   0.1310452   0.1310585   0.1314908   0.1325128   0.1341112
  21.2105967   0.0990577   0.1086976   0.1158454   0.1226835   0.1275715   0.1306350   0.1324953   0.1337987   0.1349853   0.1362979
  21.2921759   0.1117666   0.1097111   0.1158251   0.1224779   0.1280600   0.1322027   0.1350294   0.1368902   0.1381804   0.1392456
  21.3737551   0.1119303   0.1239694   0.1274335   0.1301803   0.1335104   0.1366980   0.1392343   0.1409606   0.1420323   0.1427498
  21.4553343   0.1743769   0.1489156   0.1431332   0.1420608   0.1424679   0.1437081   0.1450026   0.1459022   0.1463690   0.1465946
  21.5369136   0.1269955   0.1538074   0.1559097   0.1538299   0.1525047   0.1519282   0.1516042   0.1512659   0.1508783   0.1505397
  21.6184928   0.1955386   0.1704955   0.1652087   0.1633615   0.1617103   0.1598269   0.1579712   0.1563817   0.1551622   0.1543477
  21.7000720   0.1610367   0.1700287   0.1707556   0.1708737   0.1690166   0.1660444   0.1630328   0.1605771   0.1588575   0.1578448
  21.7816512   0.1579580   0.1705730   0.1776014   0.1769034   0.1734808   0.1695160   0.1660189   0.1634162   0.1617774   0.1609914
  21.8632304   0.2086371   0.1957627   0.1861061   0.1792482   0.1737979   0.1696548   0.1667238   0.1648953   0.1640239   0.1639356
  21.9448096   0.2002774   0.1945879   0.1820647   0.1738521   0.1692319   0.1667859   0.1657030   0.1655354   0.1660280   0.1670241
  22.0263889   0.1648680   0.1609706   0.1613845   0.1610200   0.1613482   0.1625409   0.1642946   0.1663279   0.1684968   0.1707628
  22.1079681   0.1120901   0.1296143   0.1400078   0.1481344   0.1543816   0.1596721   0.1643530   0.1685221   0.1722738   0.1757301
  22.1895473   0.1240726   0.1243205   0.1338741   0.1440442   0.1532651   0.1611144   0.1677131   0.1733059   0.1781508   0.1824668
  22.2711265   0.1399442   0.1408554   0.1451461   0.1525540   0.1609513   0.1687762   0.1755874   0.1814847   0.1866894   0.1913715
  22.3527057   0.1676449   0.1651339   0.1675690   0.1718945   0.1772156   0.1827929   0.1881807   0.1932840   0.1981092   0.2026278
  22.4342850   0.1812941   0.1934996   0.1964889   0.1977826   0.1993167   0.2016334   0.2047140   0.2083544   0.2122745   0.2161776
  22.5158642   0.2493448   0.2312298   0.2278585   0.2253381   0.2234838   0.2229109   0.2238389   0.2259666   0.2287684   0.2317370
  22.5974434   0.2515550   0.2598270   0.2547329   0.2500243   0.2464138   0.2444569   0.2442328   0.2452925   0.2470086   0.2488348
  22.6790226   0.2744140   0.2763717   0.2731395   0.2693525   0.2665183   0.2651977   0.2650792   0.2656273   0.2663390   0.2668493
  22.7606018   0.2878961   0.2857011   0.2851102   0.2842757   0.2846065   0.2854580   0.2861878   0.2864325   0.2860503   0.2850276
  22.8421810   0.3114572   0.2953956   0.2949201   0.2991352   0.3034910   0.3064746   0.3076683   0.3071758   0.3053268   0.3024878
  22.9237603   0.2767800   0.2981822   0.3108302   0.3200393   0.3262163   0.3292164   0.3292989   0.3270546   0.3231614   0.3182244
  23.0053395   0.3240070   0.3341819   0.3440864   0.3505257   0.3534414   0.3530498   0.3499192   0.3447727   0.3383157   0.3311432
  23.0869187   0.4049118   0.3963089   0.3903528   0.3865572   0.3816065   0.3750620   0.3672320   0.3585360   0.3493893   0.3401500
  23.1684979   0.4431140   0.4405837   0.4303031   0.4169949   0.4035772   0.3906326   0.3782216   0.3663432   0.3550208   0.3442908
  23.2500771   0.4900827   0.4641887   0.4482716   0.4298915   0.4117740   0.3951258   0.3800808   0.3664998   0.3541787   0.3429218
  23.3316564   0.4477068   0.4519825   0.4358657   0.4187578   0.4018559   0.3858433   0.3712449   0.3581655   0.3464487   0.3358596
  23.4132356   0.4163248   0.4027640   0.3945175   0.3855087   0.3746772   0.3631951   0.3520596   0.3417114   0.3322124   0.3234648
  23.4948148   0.3171533   0.3327534   0.3392247   0.3389449   0.3355511   0.3305577   0.3247914   0.3187359   0.3126428   0.3066237
  23.5763940   0.2950987   0.2848911   0.2861177   0.2891371   0.2917142   0.2930655   0.2930115   0.2917265   0.2895061   0.2866232
  23.6579732   0.2339714   0.2374290   0.2379404   0.2431254   0.2498882   0.2560423   0.2606336   0.2634917   0.2648257   0.2649478
  23.7395524   0.1761987   0.1871665   0.1965369   0.2056735   0.2150073   0.2236918   0.2309679   0.2365534   0.2405081   0.2430477
  23.8211317   0.1561171   0.1600747   0.1703915   0.1803409   0.1896584   0.1983169   0.2060763   0.2126891   0.2180356   0.2221359
  23.9027109   0.1593883   0.1577112   0.1614854   0.1673778   0.1736833   0.1801208   0.1865705   0.1927351   0.1982982   0.2030579
  23.9842901   0.1549785   0.1619988   0.1619838   0.1625004   0.1643933   0.1676075   0.1718484   0.1766641   0.1815867   0.1862517
  24.0658693   0.1734038   0.1664888   0.1626196   0.1593602   0.1579321   0.1584859   0.1606283   0.1638620   0.1677166   0.1717925
  24.1474485   0.1657994   0.1619262   0.1569219   0.1533276   0.1512438   0.1507197   0.1515479   0.1534731   0.1562202   0.1594919
  24.2290277   0.1439823   0.1442031   0.1443334   0.1437857   0.1433610   0.1432105   0.1435901   0.1446903   0.1465387   0.1490182
  24.3106070   0.1301623   0.1280054   0.1307993   0.1336109   0.1351627   0.1357992   0.1362109   0.1369158   0.1381656   0.1400029
  24.3921862   0.1110695   0.1174926   0.1226574   0.1260885   0.1279062   0.1287401   0.1292204   0.1297936   0.1307217   0.1321174
  24.4737654   0.1181029   0.1204978   0.1214095   0.1216257   0.1218266   0.1221563   0.1225889   0.1231612   0.1239704   0.1251105
  24.5553446   0.1366401   0.1263940   0.1207114   0.1173589   0.1160417   0.1159139   0.1163327   0.1169823   0.1177950   0.1188154
  24.6369238   0.1200772   0.1173669   0.1128586   0.1105394   0.1097451   0.1099014   0.1105096   0.1112907   0.1121583   0.1131341
  24.7185031   0.0899571   0.0956798   0.0999835   0.1020379   0.1033016   0.1043092   0.1052383   0.1061486   0.1070619   0.1080132
  24.8000823   0.0836892   0.0865343   0.0914166   0.0953996   0.0979785   0.0995469   0.1006561   0.1016068   0.1025103   0.1034187
  24.8816615   0.0912407   0.0894519   0.0903715   0.0927891   0.0946237   0.0958670   0.0968215   0.0976694   0.0984871   0.0993175
  24.9632407   0.0859908   0.0920410   0.0934919   0.0929335   0.0927690   0.0930954   0.0936476   0.0942761   0.0949451   0.0956685
  25.0448199   0.1073489   0.1011644   0.0957743   0.0925516   0.0910926   0.0907550   0.0909317   0.0913130   0.0918119   0.0924238
  25.1263991   0.1011550   0.0956767   0.0914094   0.0895005   0.0887029   0.0884426   0.0884557   0.0886474   0.0890081   0.0895372
  25.2079784   0.0743521   0.0778037   0.0828195   0.0850217   0.0858707   0.0860625   0.0860691   0.0861700   0.0864717   0.0869772
  25.2895576   0.0645622   0.0746385   0.0791170   0.0821455   0.0834283   0.0837034   0.0837059   0.0838288   0.0841815   0.0847366
  25.3711368   0.0904263   0.0827233   0.0816808   0.0816971   0.0815603   0.0813676   0.0813694   0.0816521   0.0821700   0.0828360
  25.4527160   0.0854822   0.0867205   0.0842234   0.0811807   0.0794637   0.0789358   0.0791539   0.0797575   0.0805195   0.0813150
  25.5342952   0.0902854   0.0865020   0.0810303   0.0777252   0.0763778   0.0764775   0.0773021   0.0783381   0.0793363   0.0802113
  25.6158745   0.0752007   0.0715251   0.0710127   0.0715958   0.0728999   0.0745651   0.0762060   0.0776050   0.0787038   0.0795323
  25.6974537   0.0429354   0.0542985   0.0614844   0.0668472   0.0710835   0.0741444   0.0762589   0.0776861   0.0786251   0.0792261
  25.7790329   0.0633048   0.0564239   0.0616526   0.0681968   0.0729500   0.0758900   0.0775857   0.0785128   0.0789770   0.0791654
  25.8606121   0.0558555   0.0680481   0.0735476   0.0767426   0.0785819   0.0795061   0.0798172   0.0797570   0.0794990   0.0791506
  25.9421913   0.0989732   0.0949573   0.0918643   0.0882415   0.0855174   0.0835854   0.0820998   0.0808741   0.0798322   0.0789391
  26.0237705   0.1283061   0.1157516   0.1037270   0.0957046   0.0901584   0.0862335   0.0833865   0.0812535   0.0796029   0.0782927
  26.1053498   0.1020240   0.1042088   0.1001322   0.0949554   0.0901045   0.0860460   0.0828659   0.0804195   0.0785229   0.0770306
  26.1869290   0.0849419   0.0846054   0.0878252   0.0876247   0.0854202   0.0827550   0.0802835   0.0781888   0.0764694   0.0750721
  26.2685082   0.0678775   0.0748974   0.0771021   0.0780267   0.0779787   0.0771781   0.0759924   0.0747161   0.0735144   0.0724538
  26.3500874   0.0812781   0.0717093   0.0685268   0.0688402   0.0699621   0.0706549   0.0707412   0.0704159   0.0698950   0.0693176
  26.4316666   0.0529573   0.0574276   0.0592475   0.0610982   0.0629402   0.0644157   0.0653501   0.0658093   0.0659416   0.0658750
  26.5132459   0.0412745   0.0476016   0.0530165   0.0558191   0.0576735   0.0592002   0.0604442   0.0613700   0.0619915   0.0623585
  26.5948251   0.0572056   0.0532557   0.0525460   0.0531975   0.0541172   0.0551878   0.0563424   0.0574266   0.0583191   0.0589750
  26.6764043   0.0573240   0.0555451   0.0528492   0.0516922   0.0516166   0.0521763   0.0531004   0.0541382   0.0550963   0.0558714
  26.7579835   0.0526020   0.0504232   0.0503063   0.0496713   0.0494776   0.0498762   0.0506320   0.0515224   0.0523835   0.0531179
  26.8395627   0.0370834   0.0456170   0.0467166   0.0470624   0.0475358   0.0481407   0.0488146   0.0494986   0.0501426   0.0507075
  26.9211419   0.0556317   0.0447354   0.0436941   0.0449859   0.0461803   0.0469792   0.0475162   0.0479172   0.0482579   0.0485686
  27.0027212   0.0291903   0.0382418   0.0425151   0.0446635   0.0458136   0.0463650   0.0465524   0.0465733   0.0465628   0.0465871
  27.0843004   0.0392327   0.0440417   0.0458147   0.0462151   0.0462387   0.0460195   0.0456381   0.0452212   0.0448694   0.0446334
  27.1658796   0.0679042   0.0556619   0.0501772   0.0479298   0.0465319   0.0453826   0.0444061   0.0436094   0.0430040   0.0425910
  27.2474588   0.0490841   0.0506289   0.0497290   0.0476299   0.0455431   0.0438257   0.0425126   0.0415403   0.0408452   0.0403831
  27.3290380   0.0388082   0.0449119   0.0459768   0.0444979   0.0425772   0.0409736   0.0397830   0.0389360   0.0383564   0.0379902
  27.4106173   0.0526337   0.0444236   0.0405167   0.0388384   0.0377536   0.0369300   0.0363125   0.0358772   0.0355998   0.0354568
  27.4921965   0.0275848   0.0320394   0.0315712   0.0315999   0.0319715   0.0322719   0.0324568   0.0325913   0.0327254   0.0328825
  27.5737757   0.0168337   0.0185158   0.0222492   0.0248006   0.0265615   0.0278108   0.0287110   0.0293905   0.0299360   0.0304005
  27.6553549   0.0141340   0.0147996   0.0178778   0.0205992   0.0226485   0.0242481   0.0255369   0.0265825   0.0274373   0.0281490
  27.7369341   0.0150897   0.0183439   0.0185504   0.0193478   0.0205695   0.0219193   0.0232241   0.0243900   0.0253910   0.0262422
  27.8185133   0.0298358   0.0221085   0.0201805   0.0195435   0.0198838   0.0207698   0.0218424   0.0229075   0.0238824   0.0247496
  27.9000926   0.0143561   0.0202288   0.0200541   0.0197662   0.0199658   0.0205285   0.0212815   0.0221003   0.0229122   0.0236880
  27.9816718   0.0227509   0.0185282   0.0191721   0.0200097   0.0205125   0.0208977   0.0213281   0.0218369   0.0224089   0.0230263
  28.0632510   0.0155420   0.0177446   0.0199094   0.0210427   0.0214720   0.0216162   0.0217331   0.0219354   0.0222582   0.0227030
  28.1448302   0.0184571   0.0228875   0.0231359   0.0228892   0.0226468   0.0224237   0.0222551   0.0222105   0.0223375   0.0226486
  28.2264094   0.0361633   0.0293355   0.0259923   0.0244074   0.0235796   0.0230531   0.0226945   0.0225161   0.0225514   0.0228107
  28.3079886   0.0254522   0.0260915   0.0254636   0.0246058   0.0238735   0.0233086   0.0229354   0.0227796   0.0228589   0.0231727
  28.3895679   0.0184924   0.0217829   0.0234441   0.0237785   0.0235003   0.0231617   0.0229842   0.0230255   0.0232898   0.0237658
  28.4711471   0.0254169   0.0225181   0.0226189   0.0227474   0.0227405   0.0227842   0.0229900   0.0233812   0.0239463   0.0246685
  28.5527263   0.0206007   0.0232247   0.0221388   0.0217370   0.0219766   0.0225189   0.0232302   0.0240613   0.0249876   0.0259960
  28.6343055   0.0255836   0.0211623   0.0204378   0.0208083   0.0216842   0.0228240   0.0240614   0.0253275   0.0266013   0.0278801
  28.7158847   0.0121571   0.0161727   0.0189759   0.0208111   0.0225083   0.0241923   0.0258417   0.0274342   0.0289659   0.0304440
  28.7974640   0.0164172   0.0191145   0.0208405   0.0230254   0.0251009   0.0270238   0.0288427   0.0305707   0.0322133   0.0337781
  28.8790432   0.0299044   0.0255765   0.0263549   0.0280222   0.0297598   0.0314851   0.0331754   0.0348172   0.0364013   0.0379210
  28.9606224   0.0255887   0.0326679   0.0345619   0.0352663   0.0362340   0.0374437   0.0387630   0.0401286   0.0415008   0.0428502
  29.0422016   0.0539674   0.0462069   0.0439622   0.0435910   0.0438992   0.0445299   0.0453702   0.0463487   0.0474027   0.0484840
  29.1237808   0.0459184   0.0524158   0.0520893   0.0520894   0.0521125   0.0522854   0.0526779   0.0532495   0.0539373   0.0546921
  29.2053600   0.0611377   0.0573700   0.0601686   0.0605946   0.0604173   0.0603045   0.0603656   0.0605771   0.0609019   0.0613127
  29.2869393   0.0678292   0.0714317   0.0698097   0.0689432   0.0685365   0.0683124   0.0681680   0.0680896   0.0680875   0.0681722
  29.3685185   0.0902426   0.0810731   0.0775646   0.0766111   0.0763711   0.0761693   0.0758887   0.0755770   0.0752991   0.0751030
  29.4500977   0.0707450   0.0796103   0.0828494   0.0838303   0.0840235   0.0838071   0.0833761   0.0828645   0.0823701   0.0819599
  29.5316769   0.0906477   0.0885317   0.0904876   0.0915870   0.0915853   0.0911250   0.0904905   0.0898113   0.0891724   0.0886322
  29.6132561   0.0964480   0.1018094   0.1009198   0.0997237   0.0987932   0.0979279   0.0970954   0.0963161   0.0956265   0.0950536
  29.6948354   0.1249430   0.1140520   0.1090638   0.1065860   0.1050805   0.1039880   0.1030912   0.1023347   0.1017112   0.1012070
  29.7764146   0.1063830   0.1116505   0.1121315   0.1111686   0.1101032   0.1092035   0.1084721   0.1079029   0.1074696   0.1071227
  29.8579938   0.1081699   0.1122104   0.1138806   0.1143112   0.1141092   0.1137159   0.1133720   0.1131495   0.1130062   0.1128692
  29.9395730   0.1197418   0.1177618   0.1169476   0.1173950   0.1177314   0.1178873   0.1180650   0.1182861   0.1184671   0.1185328
  30.0211522   0.1186367   0.1197283   0.1205761   0.1210643   0.1215510   0.1221904   0.1229184   0.1235643   0.1240024   0.1241898
  30.1027314   0.1232094   0.1242391   0.1251027   0.1253177   0.1259675   0.1271219   0.1283060   0.1292019   0.1297148   0.1298754
  30.1843107   0.1349399   0.1314975   0.1300673   0.1300628   0.1314524   0.1331435   0.1344865   0.1352919   0.1356089   0.1355585
  30.2658899   0.1332608   0.1350452   0.1338623   0.1361480   0.1387324   0.1405242   0.1414536   0.1417228   0.1415586   0.1411326
  30.3474691   0.1267608   0.1319610   0.1405341   0.1458219   0.1482813   0.1490201   0.1488110   0.1481502   0.1473140   0.1464290
  30.4290483   0.1371159   0.1512678   0.1582645   0.1598452   0.1591879   0.1575983   0.1557734   0.1540565   0.1525549   0.1512529
  30.5106275   0.2061382   0.1928219   0.1807058   0.1737853   0.1686810   0.1645948   0.1613820   0.1589045   0.1569817   0.1554327
  30.5922068   0.2102970   0.1997905   0.1896666   0.1805006   0.1734958   0.1684647   0.1649021   0.1623394   0.1604143   0.1588677
  30.6737860   0.1751640   0.1827438   0.1819561   0.1770263   0.1722777   0.1687371   0.1662126   0.1643480   0.1628571   0.1615544
  30.7553652   0.1781306   0.1687783   0.1667571   0.1668765   0.1668310   0.1664694   0.1659419   0.1652867   0.1644968   0.1635814
  30.8369444   0.1364098   0.1469997   0.1515138   0.1568707   0.1611098   0.1637887   0.1652199   0.1657432   0.1656290   0.1650921
  30.9185236   0.1305123   0.1347324   0.1454637   0.1531552   0.1588273   0.1627749   0.1651540   0.1662853   0.1665392   0.1662311
  31.0001028   0.1416576   0.1506703   0.1539366   0.1576840   0.1614044   0.1643954   0.1663049   0.1672144   0.1673910   0.1670942
  31.0816821   0.1852356   0.1740863   0.1685249   0.1672026   0.1675252   0.1681052   0.1684416   0.1684443   0.1681716   0.1677045
  31.1632613   0.1754552   0.1801945   0.1791608   0.1767124   0.1742767   0.1722314   0.1706871   0.1695656   0.1687219   0.1680246
  31.2448405   0.1904642   0.1858656   0.1858500   0.1829532   0.1786820   0.1748189   0.1719651   0.1700637   0.1688342   0.1679966
  31.3264197   0.1845916   0.1930278   0.1893207   0.1838543   0.1786904   0.1745074   0.1715259   0.1695851   0.1683736   0.1675926
  31.4079989   0.2181297   0.1940718   0.1836533   0.1777391   0.1738227   0.1711380   0.1693166   0.1681271   0.1673649   0.1668507
  31.4895782   0.1536183   0.1652601   0.1663825   0.1657559   0.1656992   0.1658864   0.1660289   0.1660612   0.1660035   0.1658778
  31.5711574   0.1474291   0.1424676   0.1478072   0.1534367   0.1577386   0.1607966   0.1628013   0.1639803   0.1645851   0.1648199
  31.6527366   0.1240675   0.1309643   0.1394301   0.1473776   0.1534801   0.1578290   0.1607023   0.1624419   0.1633869   0.1638091
  31.7343158   0.1226294   0.1390503   0.1454916   0.1501735   0.1544858   0.1578851   0.1602434   0.1617275   0.1625537   0.1629122
  31.8158950   0.1846738   0.1653922   0.1596046   0.1588635   0.1595032   0.1603827   0.1611637   0.1617297   0.1620389   0.1621023
  31.8974742   0.1608875   0.1723065   0.1708968   0.1680524   0.1654277   0.1636256   0.1625900   0.1620131   0.1616233   0.1612635
  31.9790535   0.1839846   0.1777428   0.1775910   0.1735331   0.1690820   0.1657140   0.1634701   0.1620072   0.1609976   0.1602274
  32.0606327   0.1826698   0.1866745   0.1787187   0.1729209   0.1686767   0.1654570   0.1630366   0.1612304   0.1598702   0.1588261
  32.1422119   0.1964164   0.1751023   0.1687798   0.1661919   0.1645087   0.1628067   0.1610620   0.1594401   0.1580550   0.1569432
  32.2237911   0.1242871   0.1444380   0.1532645   0.1571560   0.1586088   0.1586198   0.1578054   0.1566571   0.1555129   0.1545485
  32.3053703   0.1395088   0.1396704   0.1463322   0.1509536   0.1532244   0.1539482   0.1537411   0.1530897   0.1523458   0.1517093
  32.3869495   0.1593866   0.1513832   0.1488877   0.1486966   0.1491451   0.1493651   0.1492796   0.1490281   0.1487635   0.1485831
  32.4685288   0.1503492   0.1552526   0.1501534   0.1469979   0.1454411   0.1448065   0.1446623   0.1447814   0.1450468   0.1453946
  32.5501080   0.1501277   0.1455753   0.1448922   0.1426319   0.1407709   0.1399814   0.1400674   0.1406758   0.1415178   0.1424051
  32.6316872   0.1368721   0.1360570   0.1361447   0.1353758   0.1348140   0.1349558   0.1358006   0.1370838   0.1385122   0.1398754
  32.7132664   0.1256376   0.1279058   0.1262384   0.1271347   0.1286685   0.1304372   0.1323958   0.1344216   0.1363410   0.1380235
  32.7948456   0.1107751   0.1127876   0.1170960   0.1207231   0.1242815   0.1275745   0.1305173   0.1330773   0.1352314   0.1369807
  32.8764249   0.1070127   0.1092370   0.1141023   0.1189990   0.1234783   0.1274277   0.1306982   0.1332774   0.1352566   0.1367534
  32.9580041   0.1099615   0.1169055   0.1196291   0.1232965   0.1270675   0.1304136   0.1330431   0.1349492   0.1362791   0.1372029
  33.0395833   0.1318765   0.1300007   0.1310871   0.1325516   0.1344143   0.1359899   0.1370495   0.1376500   0.1379376   0.1380543
  33.1211625   0.1478489   0.1461100   0.1445276   0.1441964   0.1436073   0.1426912   0.1416433   0.1406158   0.1396979   0.1389409
  33.2027417   0.1509885   0.1563870   0.1573650   0.1552796   0.1519518   0.1484959   0.1454420   0.1429355   0.1409669   0.1394780
  33.2843209   0.1801513   0.1720446   0.1678872   0.1623943   0.1566015   0.1514353   0.1471672   0.1438010   0.1412395   0.1393499
  33.3659002   0.1782003   0.1785020   0.1698053   0.1618763   0.1554955   0.1502866   0.1460665   0.1427506   0.1402356   0.1383862
  33.4474794   0.1829596   0.1645478   0.1572756   0.1523997   0.1484820   0.1450828   0.1421793   0.1398162   0.1379813   0.1366051
  33.5290586   0.1187291   0.1307852   0.1356083   0.1375209   0.1377091   0.1371404   0.1363303   0.1355191   0.1348042   0.1342084
  33.6106378   0.1032427   0.1108094   0.1186338   0.1235053   0.1265491   0.1285300   0.1298520   0.1307160   0.1312452   0.1315289
  33.6922170   0.1229342   0.1121523   0.1113254   0.1141586   0.1178263   0.1212873   0.1241576   0.1263500   0.1279105   0.1289435
  33.7737963   0.1042889   0.1073664   0.1077211   0.1094494   0.1129139   0.1168071   0.1203386   0.1231915   0.1253120   0.1267775
  33.8553755   0.1044177   0.1037958   0.1055936   0.1086493   0.1120734   0.1156279   0.1189112   0.1216459   0.1237381   0.1252246
  33.9369547   0.0932698   0.1027140   0.1083949   0.1121168   0.1149648   0.1174810   0.1197474   0.1216732   0.1231912   0.1243041
  34.0185339   0.1213616   0.1171309   0.1183049   0.1195492   0.1205905   0.1214239   0.1221595   0.1228270   0.1234030   0.1238660
  34.1001131   0.1311735   0.1342106   0.1303807   0.1284614   0.1271565   0.1260375   0.1250988   0.1243915   0.1239184   0.1236390
  34.1816923   0.1471958   0.1402110   0.1384943   0.1355342   0.1324873   0.1297518   0.1274251   0.1255773   0.1242234   0.1233083
  34.2632716   0.1331236   0.1434003   0.1419790   0.1385561   0.1348008   0.1312619   0.1281948   0.1257258   0.1238819   0.1226001
  34.3448508   0.1572806   0.1455311   0.1401793   0.1367229   0.1332606   0.1298824   0.1268974   0.1244747   0.1226471   0.1213523
  34.4264300   0.1253946   0.1321376   0.1323148   0.1304605   0.1280886   0.1257047   0.1235775   0.1218436   0.1205187   0.1195504
  34.5080092   0.1202307   0.1214162   0.1219249   0.1212383   0.1203722   0.1195373   0.1188134   0.1182201   0.1177329   0.1173229
  34.5895884   0.1139779   0.1133164   0.1106744   0.1109090   0.1117521   0.1126864   0.1135607   0.1142468   0.1146880   0.1148956
  34.6711677   0.1012334   0.0957042   0.0989739   0.1015654   0.1040971   0.1066459   0.1088991   0.1106387   0.1118237   0.1125192
  34.7527469   0.0657710   0.0865467   0.0919211   0.0954404   0.0991489   0.1027354   0.1057320   0.1079733   0.1094890   0.1103908
  34.8343261   0.1120600   0.0930861   0.0908973   0.0940059   0.0981082   0.1017147   0.1045069   0.1065133   0.1078349   0.1085903
  34.9159053   0.0732062   0.0885749   0.0935741   0.0978715   0.1011603   0.1034518   0.1050421   0.1061155   0.1067634   0.1070518
  34.9974845   0.0964966   0.0966852   0.1039348   0.1065732   0.1069865   0.1068089   0.1065418   0.1062635   0.1059505   0.1055758
  35.0790637   0.1225036   0.1257875   0.1210029   0.1164393   0.1127379   0.1099398   0.1078365   0.1062184   0.1049354   0.1038805
  35.1606430   0.1630827   0.1436303   0.1299347   0.1210282   0.1152001   0.1110014   0.1077737   0.1052403   0.1032481   0.1016745
  35.2422222   0.1219478   0.1250311   0.1212954   0.1169054   0.1127281   0.1089257   0.1055953   0.1028005   0.1005354   0.0987322
  35.3238014   0.0901586   0.0984758   0.1052270   0.1072111   0.1060995   0.1037411   0.1011303   0.0987128   0.0966481   0.0949480
  35.4053806   0.0909959   0.0914508   0.0951299   0.0971706   0.0973106   0.0962714   0.0947473   0.0931500   0.0916673   0.0903584
  35.4869598   0.0973799   0.0939563   0.0897343   0.0881528   0.0878031   0.0875687   0.0871505   0.0865624   0.0858686   0.0851265
  35.5685391   0.0885746   0.0843054   0.0803558   0.0783902   0.0780979   0.0785748   0.0791587   0.0795403   0.0796411   0.0794966
  35.6501183   0.0588234   0.0640231   0.0663976   0.0675911   0.0687044   0.0701180   0.0715410   0.0726673   0.0733872   0.0737337
  35.7316975   0.0472996   0.0505031   0.0548722   0.0580939   0.0606857   0.0629605   0.0648951   0.0663911   0.0674287   0.0680637
  35.8132767   0.0520257   0.0484537   0.0493484   0.0521694   0.0551686   0.0576428   0.0595293   0.0609323   0.0619428   0.0626315
  35.8948559   0.0433059   0.0464047   0.0480496   0.0502738   0.0525078   0.0541850   0.0553671   0.0562484   0.0569408   0.0574846
  35.9764351   0.0447641   0.0481331   0.0501608   0.0514648   0.0518620   0.0519179   0.0519484   0.0520707   0.0522963   0.0525866
  36.0580144   0.0568044   0.0546738   0.0551860   0.0534983   0.0513459   0.0496606   0.0485857   0.0480145   0.0478102   0.0478513
  36.1395936   0.0598542   0.0644609   0.0582083   0.0526748   0.0488025   0.0462419   0.0446440   0.0437298   0.0432940   0.0431877
  36.2211728   0.0794161   0.0597499   0.0508303   0.0460564   0.0430800   0.0411080   0.0398178   0.0390352   0.0386401   0.0385392
  36.3027520   0.0172764   0.0294471   0.0338265   0.0349148   0.0349369   0.0346189   0.0342517   0.0339769   0.0338569   0.0339062
  36.3843312   0.0077051   0.0132139   0.0197446   0.0241179   0.0265399   0.0277990   0.0284366   0.0287902   0.0290582   0.0293463
  36.4659105   0.0162600   0.0136920   0.0145179   0.0172583   0.0198491   0.0217102   0.0229500   0.0237903   0.0244169   0.0249565
  36.5474897   0.0158683   0.0139771   0.0134974   0.0140692   0.0154244   0.0169085   0.0182019   0.0192505   0.0201065   0.0208448
  36.6290689   0.0101793   0.0125643   0.0127547   0.0123962   0.0125809   0.0133317   0.0143217   0.0153249   0.0162548   0.0171041
  36.7106481   0.0136967   0.0125429   0.0113067   0.0106065   0.0103335   0.0105769   0.0112108   0.0120391   0.0129224   0.0137948
  36.7922273   0.0099557   0.0089882   0.0084608   0.0082124   0.0081248   0.0082611   0.0086823   0.0093314   0.0101097   0.0109397
  36.8738065   0.0027323   0.0039586   0.0050662   0.0056276   0.0059421   0.0062098   0.0065802   0.0071105   0.0077773   0.0085295
  36.9553858   0.0008606   0.0020696   0.0028566   0.0035274   0.0040291   0.0044294   0.0048247   0.0052955   0.0058697   0.0065331
  37.0369650   0.0032703   0.0020750   0.0018924   0.0021522   0.0025635   0.0029831   0.0033924   0.0038295   0.0043314   0.0049085
  37.1185442   0.0009246   0.0012447   0.0011906   0.0012791   0.0015438   0.0018958   0.0022747   0.0026736   0.0031130   0.0036099
  37.2001234   0.0000048   0.0002481   0.0005155   0.0006766   0.0008695   0.0011347   0.0014492   0.0017937   0.0021707   0.0025924
  37.2817026   0.0000000   0.0000150   0.0001344   0.0002887   0.0004436   0.0006352   0.0008744   0.0011521   0.0014635   0.0018135
  37.3632818   0.0000000   0.0000003   0.0000203   0.0000937   0.0001977   0.0003284   0.0004975   0.0007064   0.0009513   0.0012327
  37.4448611   0.0000000   0.0000000   0.0000018   0.0000225   0.0000748   0.0001545   0.0002654   0.0004121   0.0005946   0.0008124
  37.5264403   0.0000000   0.0000000   0.0000001   0.0000040   0.0000236   0.0000652   0.0001319   0.0002281   0.0003565   0.0005180
  37.6080195   0.0000000   0.0000000   0.0000000   0.0000005   0.0000061   0.0000244   0.0000606   0.0001193   0.0002047   0.0003191
  37.6895987   0.0000000   0.0000000   0.0000000   0.0000000   0.0000013   0.0000081   0.0000256   0.0000588   0.0001123   0.0001896
  37.7711779   0.0000000   0.0000000   0.0000000   0.0000000   0.0000002   0.0000023   0.0000099   0.0000272   0.0000587   0.0001084
  37.8527572   0.0000000   0.0000000   0.0000000   0.0000000   0.0000000   0.0000006   0.0000035   0.0000118   0.0000292   0.0000597
  37.9343364   0.0000000   0.0000000   0.0000000   0.0000000   0.0000000   0.0000001   0.0000011   0.0000048   0.0000138   0.0000315
  38.0159156   0.0000000   0.0000000   0.0000000   0.0000000   0.0000000   0.0000000   0.0000003   0.0000018   0.0000062   0.0000160
  38.0974948   0.0000000   0.0000000   0.0000000   0.0000000   0.0000000   0.0000000   0.0000001   0.0000006   0.0000026   0.0000078
  38.1790740   0.0000000   0.0000000   0.0000000   0.0000000   0.0000000   0.0000000   0.0000000   0.0000002   0.0000010   0.0000036
  38.2606532   0.0000000   0.0000000   0.0000000   0.0000000   0.0000000   0.0000000   0.0000000   0.0000001   0.0000004   0.0000016
  38.3422325   0.0000000   0.0000000   0.0000000   0.0000000   0.0000000   0.0000000   0.0000000   0.0000000   0.0000001   0.0000007
  38.4238117   0.0000000   0.0000000   0.0000000   0.0000000   0.0000000   0.0000000   0.0000000   0.0000000   0.0000000   0.0000003
  38.5053909   0.0000000   0.0000000   0.0000000   0.0000000   0.0000000   0.0000000   0.0000000   0.0000000   0.0000000   0.0000001
  38.5869701   0.0000000   0.0000000   0.0000000   0.0000000   0.0000000   0.0000000   0.0000000   0.0000000   0.0000000   0.0000000
  38.6685493   0.0000000   0.0000000   0.0000000   0.0000000   0.0000000   0.0000000   0.0000000   0.0000000   0.0000000   0.0000000
  38.7501286   0.0000000   0.0000000   0.0000000   0.0000000   0.0000000   0.0000000   0.0000000   0.0000000   0.0000000   0.0000000
  38.8317078   0.0000000   0.0000000   0.0000000   0.0000000   0.0000000   0.0000000   0.0000000   0.0000000   0.0000000   0.0000000
  38.9132870   0.0000000   0.0000000   0.0000000   0.0000000   0.0000000   0.0000000   0.0000000   0.0000000   0.0000000   0.0000000
  38.9948662   0.0000000   0.0000000   0.0000000   0.0000000   0.0000000   0.0000000   0.0000000   0.0000000   0.0000000   0.0000000
  39.0764454   0.0000000   0.0000000   0.0000000   0.0000000   0.0000000   0.0000000   0.0000000   0.0000000   0.0000000   0.0000000
  39.1580246   0.0000000   0.0000000   0.0000000   0.0000000   0.0000000   0.0000000   0.0000000   0.0000000   0.0000000   0.0000000
  39.2396039   0.0000000   0.0000000   0.0000000   0.0000000   0.0000000   0.0000000   0.0000000   0.0000000   0.0000000   0.0000000
  39.3211831   0.0000000   0.0000000   0.0000000   0.0000000   0.0000000   0.0000000   0.0000000   0.0000000   0.0000000   0.0000000
  39.4027623   0.0000000   0.0000000   0.0000000   0.0000000   0.0000000   0.0000000   0.0000000   0.0000000   0.0000000   0.0000000
  39.4843415   0.0000000   0.0000000   0.0000000   0.0000000   0.0000000   0.0000000   0.0000000   0.0000000   0.0000000   0.0000000
  39.5659207   0.0000000   0.0000000   0.0000000   0.0000000   0.0000000   0.0000000   0.0000000   0.0000000   0.0000000   0.0000000
  39.6475000   0.0000000   0.0000000   0.0000000   0.0000000   0.0000000   0.0000000   0.0000000   0.0000000   0.0000000   0.0000000
  39.7290792   0.0000000   0.0000000   0.0000000   0.0000000   0.0000000   0.0000000   0.0000000   0.0000000   0.0000000   0.0000000
  39.8106584   0.0000000   0.0000000   0.0000000   0.0000000   0.0000000   0.0000000   0.0000000   0.0000000   0.0000000   0.0000000
  39.8922376   0.0000000   0.0000000   0.0000000   0.0000000   0.0000000   0.0000000   0.0000000   0.0000000   0.0000000   0.0000000
  39.9738168   0.0000000   0.0000000   0.0000000   0.0000000   0.0000000   0.0000000   0.0000000   0.0000000   0.0000000   0.0000000
  40.0553960   0.0000000   0.0000000   0.0000000   0.0000000   0.0000000   0.0000000   0.0000000   0.0000000   0.0000000   0.0000000
  40.1369753   0.0000000   0.0000000   0.0000000   0.0000000   0.0000000   0.0000000   0.0000000   0.0000000   0.0000000   0.0000000
  40.2185545   0.0000000   0.0000000   0.0000000   0.0000000   0.0000000   0.0000000   0.0000000   0.0000000   0.0000000   0.0000000
  40.3001337   0.0000000   0.0000000   0.0000000   0.0000000   0.0000000   0.0000000   0.0000000   0.0000000   0.0000000   0.0000000
  40.3817129   0.0000000   0.0000000   0.0000000   0.0000000   0.0000000   0.0000000   0.0000000   0.0000000   0.0000000   0.0000000
  40.4632921   0.0000000   0.0000000   0.0000000   0.0000000   0.0000000   0.0000000   0.0000000   0.0000000   0.0000000   0.0000000
  40.5448714   0.0000000   0.0000000   0.0000000   0.0000000   0.0000000   0.0000000   0.0000000   0.0000000   0.0000000   0.0000000
  40.6264506   0.0000000   0.0000000   0.0000000   0.0000000   0.0000000   0.0000000   0.0000000   0.0000000   0.0000000   0.0000000
  40.7080298   0.0000000   0.0000000   0.0000000   0.0000000   0.0000000   0.0000000   0.0000000   0.0000000   0.0000000   0.0000000
  40.7896090   0.0000000   0.0000000   0.0000000   0.0000000   0.0000000   0.0000000   0.0000000   0.0000000   0.0000000   0.0000000
 Integrated el-ph coupling
  #            1.0821935   1.0823109   1.0836205   1.0855657   1.0883242   1.0921688   1.0972074   1.1031972   1.1097133   1.1163732
 Phonon smearing (meV)
  #            0.0500000   0.1000000   0.1500000   0.2000000   0.2500000   0.3000000   0.3500000   0.4000000   0.4500000   0.5000000
 Electron smearing (eV)   0.1000000
 Fermi window (eV)   4.0000000
 Summed el-ph coupling    1.0813029
