&control
    calculation = 'bands',
    restart_mode = 'from_scratch'
    prefix = 'TiSe2',
    verbosity = 'high'
    outdir = './tmp/'
    pseudo_dir = './pseudo/'
    forc_conv_thr = 1.0d-8
    etot_conv_thr = 1.0d-8
 /
 &system
    ibrav =  0,
    nat =  3,
    ntyp = 2,
    nbnd = 40
    ecutwfc = 70
    ecutrho = 800
    degauss = 0.01
    smearing = 'marzari-vanderbilt'
    occupations = 'smearing'                                                               
 /
 &electrons
    mixing_beta = 0.7
    conv_thr = 1.0d-10
 /
ATOMIC_SPECIES
Ti 47.867  Ti.upf
Se 78.971  Se.upf

ATOMIC_POSITIONS (crystal)
Ti      -0.000000000  -0.000000000  -0.000000000
Se       0.333899797   0.666100202   0.250208591
Se       0.666100202   0.333899797  -0.250208591

K_POINTS crystal
        1000
        0.0000000000    0.0000000000    0.0000000000    1.0
        0.0029940120    0.0000000000    0.0000000000    1.0
        0.0059880240    0.0000000000    0.0000000000    1.0
        0.0089820359    0.0000000000    0.0000000000    1.0
        0.0119760479    0.0000000000    0.0000000000    1.0
        0.0149700599    0.0000000000    0.0000000000    1.0
        0.0179640719    0.0000000000    0.0000000000    1.0
        0.0209580838    0.0000000000    0.0000000000    1.0
        0.0239520958    0.0000000000    0.0000000000    1.0
        0.0269461078    0.0000000000    0.0000000000    1.0
        0.0299401198    0.0000000000    0.0000000000    1.0
        0.0329341317    0.0000000000    0.0000000000    1.0
        0.0359281437    0.0000000000    0.0000000000    1.0
        0.0389221557    0.0000000000    0.0000000000    1.0
        0.0419161677    0.0000000000    0.0000000000    1.0
        0.0449101796    0.0000000000    0.0000000000    1.0
        0.0479041916    0.0000000000    0.0000000000    1.0
        0.0508982036    0.0000000000    0.0000000000    1.0
        0.0538922156    0.0000000000    0.0000000000    1.0
        0.0568862275    0.0000000000    0.0000000000    1.0
        0.0598802395    0.0000000000    0.0000000000    1.0
        0.0628742515    0.0000000000    0.0000000000    1.0
        0.0658682635    0.0000000000    0.0000000000    1.0
        0.0688622754    0.0000000000    0.0000000000    1.0
        0.0718562874    0.0000000000    0.0000000000    1.0
        0.0748502994    0.0000000000    0.0000000000    1.0
        0.0778443114    0.0000000000    0.0000000000    1.0
        0.0808383234    0.0000000000    0.0000000000    1.0
        0.0838323353    0.0000000000    0.0000000000    1.0
        0.0868263473    0.0000000000    0.0000000000    1.0
        0.0898203593    0.0000000000    0.0000000000    1.0
        0.0928143713    0.0000000000    0.0000000000    1.0
        0.0958083832    0.0000000000    0.0000000000    1.0
        0.0988023952    0.0000000000    0.0000000000    1.0
        0.1017964072    0.0000000000    0.0000000000    1.0
        0.1047904192    0.0000000000    0.0000000000    1.0
        0.1077844311    0.0000000000    0.0000000000    1.0
        0.1107784431    0.0000000000    0.0000000000    1.0
        0.1137724551    0.0000000000    0.0000000000    1.0
        0.1167664671    0.0000000000    0.0000000000    1.0
        0.1197604790    0.0000000000    0.0000000000    1.0
        0.1227544910    0.0000000000    0.0000000000    1.0
        0.1257485030    0.0000000000    0.0000000000    1.0
        0.1287425150    0.0000000000    0.0000000000    1.0
        0.1317365269    0.0000000000    0.0000000000    1.0
        0.1347305389    0.0000000000    0.0000000000    1.0
        0.1377245509    0.0000000000    0.0000000000    1.0
        0.1407185629    0.0000000000    0.0000000000    1.0
        0.1437125749    0.0000000000    0.0000000000    1.0
        0.1467065868    0.0000000000    0.0000000000    1.0
        0.1497005988    0.0000000000    0.0000000000    1.0
        0.1526946108    0.0000000000    0.0000000000    1.0
        0.1556886228    0.0000000000    0.0000000000    1.0
        0.1586826347    0.0000000000    0.0000000000    1.0
        0.1616766467    0.0000000000    0.0000000000    1.0
        0.1646706587    0.0000000000    0.0000000000    1.0
        0.1676646707    0.0000000000    0.0000000000    1.0
        0.1706586826    0.0000000000    0.0000000000    1.0
        0.1736526946    0.0000000000    0.0000000000    1.0
        0.1766467066    0.0000000000    0.0000000000    1.0
        0.1796407186    0.0000000000    0.0000000000    1.0
        0.1826347305    0.0000000000    0.0000000000    1.0
        0.1856287425    0.0000000000    0.0000000000    1.0
        0.1886227545    0.0000000000    0.0000000000    1.0
        0.1916167665    0.0000000000    0.0000000000    1.0
        0.1946107784    0.0000000000    0.0000000000    1.0
        0.1976047904    0.0000000000    0.0000000000    1.0
        0.2005988024    0.0000000000    0.0000000000    1.0
        0.2035928144    0.0000000000    0.0000000000    1.0
        0.2065868263    0.0000000000    0.0000000000    1.0
        0.2095808383    0.0000000000    0.0000000000    1.0
        0.2125748503    0.0000000000    0.0000000000    1.0
        0.2155688623    0.0000000000    0.0000000000    1.0
        0.2185628743    0.0000000000    0.0000000000    1.0
        0.2215568862    0.0000000000    0.0000000000    1.0
        0.2245508982    0.0000000000    0.0000000000    1.0
        0.2275449102    0.0000000000    0.0000000000    1.0
        0.2305389222    0.0000000000    0.0000000000    1.0
        0.2335329341    0.0000000000    0.0000000000    1.0
        0.2365269461    0.0000000000    0.0000000000    1.0
        0.2395209581    0.0000000000    0.0000000000    1.0
        0.2425149701    0.0000000000    0.0000000000    1.0
        0.2455089820    0.0000000000    0.0000000000    1.0
        0.2485029940    0.0000000000    0.0000000000    1.0
        0.2514970060    0.0000000000    0.0000000000    1.0
        0.2544910180    0.0000000000    0.0000000000    1.0
        0.2574850299    0.0000000000    0.0000000000    1.0
        0.2604790419    0.0000000000    0.0000000000    1.0
        0.2634730539    0.0000000000    0.0000000000    1.0
        0.2664670659    0.0000000000    0.0000000000    1.0
        0.2694610778    0.0000000000    0.0000000000    1.0
        0.2724550898    0.0000000000    0.0000000000    1.0
        0.2754491018    0.0000000000    0.0000000000    1.0
        0.2784431138    0.0000000000    0.0000000000    1.0
        0.2814371257    0.0000000000    0.0000000000    1.0
        0.2844311377    0.0000000000    0.0000000000    1.0
        0.2874251497    0.0000000000    0.0000000000    1.0
        0.2904191617    0.0000000000    0.0000000000    1.0
        0.2934131737    0.0000000000    0.0000000000    1.0
        0.2964071856    0.0000000000    0.0000000000    1.0
        0.2994011976    0.0000000000    0.0000000000    1.0
        0.3023952096    0.0000000000    0.0000000000    1.0
        0.3053892216    0.0000000000    0.0000000000    1.0
        0.3083832335    0.0000000000    0.0000000000    1.0
        0.3113772455    0.0000000000    0.0000000000    1.0
        0.3143712575    0.0000000000    0.0000000000    1.0
        0.3173652695    0.0000000000    0.0000000000    1.0
        0.3203592814    0.0000000000    0.0000000000    1.0
        0.3233532934    0.0000000000    0.0000000000    1.0
        0.3263473054    0.0000000000    0.0000000000    1.0
        0.3293413174    0.0000000000    0.0000000000    1.0
        0.3323353293    0.0000000000    0.0000000000    1.0
        0.3353293413    0.0000000000    0.0000000000    1.0
        0.3383233533    0.0000000000    0.0000000000    1.0
        0.3413173653    0.0000000000    0.0000000000    1.0
        0.3443113772    0.0000000000    0.0000000000    1.0
        0.3473053892    0.0000000000    0.0000000000    1.0
        0.3502994012    0.0000000000    0.0000000000    1.0
        0.3532934132    0.0000000000    0.0000000000    1.0
        0.3562874251    0.0000000000    0.0000000000    1.0
        0.3592814371    0.0000000000    0.0000000000    1.0
        0.3622754491    0.0000000000    0.0000000000    1.0
        0.3652694611    0.0000000000    0.0000000000    1.0
        0.3682634731    0.0000000000    0.0000000000    1.0
        0.3712574850    0.0000000000    0.0000000000    1.0
        0.3742514970    0.0000000000    0.0000000000    1.0
        0.3772455090    0.0000000000    0.0000000000    1.0
        0.3802395210    0.0000000000    0.0000000000    1.0
        0.3832335329    0.0000000000    0.0000000000    1.0
        0.3862275449    0.0000000000    0.0000000000    1.0
        0.3892215569    0.0000000000    0.0000000000    1.0
        0.3922155689    0.0000000000    0.0000000000    1.0
        0.3952095808    0.0000000000    0.0000000000    1.0
        0.3982035928    0.0000000000    0.0000000000    1.0
        0.4011976048    0.0000000000    0.0000000000    1.0
        0.4041916168    0.0000000000    0.0000000000    1.0
        0.4071856287    0.0000000000    0.0000000000    1.0
        0.4101796407    0.0000000000    0.0000000000    1.0
        0.4131736527    0.0000000000    0.0000000000    1.0
        0.4161676647    0.0000000000    0.0000000000    1.0
        0.4191616766    0.0000000000    0.0000000000    1.0
        0.4221556886    0.0000000000    0.0000000000    1.0
        0.4251497006    0.0000000000    0.0000000000    1.0
        0.4281437126    0.0000000000    0.0000000000    1.0
        0.4311377246    0.0000000000    0.0000000000    1.0
        0.4341317365    0.0000000000    0.0000000000    1.0
        0.4371257485    0.0000000000    0.0000000000    1.0
        0.4401197605    0.0000000000    0.0000000000    1.0
        0.4431137725    0.0000000000    0.0000000000    1.0
        0.4461077844    0.0000000000    0.0000000000    1.0
        0.4491017964    0.0000000000    0.0000000000    1.0
        0.4520958084    0.0000000000    0.0000000000    1.0
        0.4550898204    0.0000000000    0.0000000000    1.0
        0.4580838323    0.0000000000    0.0000000000    1.0
        0.4610778443    0.0000000000    0.0000000000    1.0
        0.4640718563    0.0000000000    0.0000000000    1.0
        0.4670658683    0.0000000000    0.0000000000    1.0
        0.4700598802    0.0000000000    0.0000000000    1.0
        0.4730538922    0.0000000000    0.0000000000    1.0
        0.4760479042    0.0000000000    0.0000000000    1.0
        0.4790419162    0.0000000000    0.0000000000    1.0
        0.4820359281    0.0000000000    0.0000000000    1.0
        0.4850299401    0.0000000000    0.0000000000    1.0
        0.4880239521    0.0000000000    0.0000000000    1.0
        0.4910179641    0.0000000000    0.0000000000    1.0
        0.4940119760    0.0000000000    0.0000000000    1.0
        0.4970059880    0.0000000000    0.0000000000    1.0
        0.5000000000    0.0000000000    0.0000000000    1.0
        0.4982843299    0.0034389691    0.0000000000    1.0
        0.4965686598    0.0068779381    0.0000000000    1.0
        0.4948529897    0.0103169072    0.0000000000    1.0
        0.4931373196    0.0137558763    0.0000000000    1.0
        0.4914216495    0.0171948454    0.0000000000    1.0
        0.4897059794    0.0206338144    0.0000000000    1.0
        0.4879903093    0.0240727835    0.0000000000    1.0
        0.4862746392    0.0275117526    0.0000000000    1.0
        0.4845589691    0.0309507216    0.0000000000    1.0
        0.4828432990    0.0343896907    0.0000000000    1.0
        0.4811276289    0.0378286598    0.0000000000    1.0
        0.4794119588    0.0412676289    0.0000000000    1.0
        0.4776962887    0.0447065979    0.0000000000    1.0
        0.4759806186    0.0481455670    0.0000000000    1.0
        0.4742649485    0.0515845361    0.0000000000    1.0
        0.4725492784    0.0550235052    0.0000000000    1.0
        0.4708336082    0.0584624742    0.0000000000    1.0
        0.4691179381    0.0619014433    0.0000000000    1.0
        0.4674022680    0.0653404124    0.0000000000    1.0
        0.4656865979    0.0687793814    0.0000000000    1.0
        0.4639709278    0.0722183505    0.0000000000    1.0
        0.4622552577    0.0756573196    0.0000000000    1.0
        0.4605395876    0.0790962887    0.0000000000    1.0
        0.4588239175    0.0825352577    0.0000000000    1.0
        0.4571082474    0.0859742268    0.0000000000    1.0
        0.4553925773    0.0894131959    0.0000000000    1.0
        0.4536769072    0.0928521649    0.0000000000    1.0
        0.4519612371    0.0962911340    0.0000000000    1.0
        0.4502455670    0.0997301031    0.0000000000    1.0
        0.4485298969    0.1031690722    0.0000000000    1.0
        0.4468142268    0.1066080412    0.0000000000    1.0
        0.4450985567    0.1100470103    0.0000000000    1.0
        0.4433828866    0.1134859794    0.0000000000    1.0
        0.4416672165    0.1169249485    0.0000000000    1.0
        0.4399515464    0.1203639175    0.0000000000    1.0
        0.4382358763    0.1238028866    0.0000000000    1.0
        0.4365202062    0.1272418557    0.0000000000    1.0
        0.4348045361    0.1306808247    0.0000000000    1.0
        0.4330888660    0.1341197938    0.0000000000    1.0
        0.4313731959    0.1375587629    0.0000000000    1.0
        0.4296575258    0.1409977320    0.0000000000    1.0
        0.4279418557    0.1444367010    0.0000000000    1.0
        0.4262261856    0.1478756701    0.0000000000    1.0
        0.4245105155    0.1513146392    0.0000000000    1.0
        0.4227948454    0.1547536082    0.0000000000    1.0
        0.4210791753    0.1581925773    0.0000000000    1.0
        0.4193635052    0.1616315464    0.0000000000    1.0
        0.4176478351    0.1650705155    0.0000000000    1.0
        0.4159321649    0.1685094845    0.0000000000    1.0
        0.4142164948    0.1719484536    0.0000000000    1.0
        0.4125008247    0.1753874227    0.0000000000    1.0
        0.4107851546    0.1788263918    0.0000000000    1.0
        0.4090694845    0.1822653608    0.0000000000    1.0
        0.4073538144    0.1857043299    0.0000000000    1.0
        0.4056381443    0.1891432990    0.0000000000    1.0
        0.4039224742    0.1925822680    0.0000000000    1.0
        0.4022068041    0.1960212371    0.0000000000    1.0
        0.4004911340    0.1994602062    0.0000000000    1.0
        0.3987754639    0.2028991753    0.0000000000    1.0
        0.3970597938    0.2063381443    0.0000000000    1.0
        0.3953441237    0.2097771134    0.0000000000    1.0
        0.3936284536    0.2132160825    0.0000000000    1.0
        0.3919127835    0.2166550515    0.0000000000    1.0
        0.3901971134    0.2200940206    0.0000000000    1.0
        0.3884814433    0.2235329897    0.0000000000    1.0
        0.3867657732    0.2269719588    0.0000000000    1.0
        0.3850501031    0.2304109278    0.0000000000    1.0
        0.3833344330    0.2338498969    0.0000000000    1.0
        0.3816187629    0.2372888660    0.0000000000    1.0
        0.3799030928    0.2407278351    0.0000000000    1.0
        0.3781874227    0.2441668041    0.0000000000    1.0
        0.3764717526    0.2476057732    0.0000000000    1.0
        0.3747560825    0.2510447423    0.0000000000    1.0
        0.3730404124    0.2544837113    0.0000000000    1.0
        0.3713247423    0.2579226804    0.0000000000    1.0
        0.3696090722    0.2613616495    0.0000000000    1.0
        0.3678934021    0.2648006186    0.0000000000    1.0
        0.3661777320    0.2682395876    0.0000000000    1.0
        0.3644620619    0.2716785567    0.0000000000    1.0
        0.3627463918    0.2751175258    0.0000000000    1.0
        0.3610307216    0.2785564948    0.0000000000    1.0
        0.3593150515    0.2819954639    0.0000000000    1.0
        0.3575993814    0.2854344330    0.0000000000    1.0
        0.3558837113    0.2888734021    0.0000000000    1.0
        0.3541680412    0.2923123711    0.0000000000    1.0
        0.3524523711    0.2957513402    0.0000000000    1.0
        0.3507367010    0.2991903093    0.0000000000    1.0
        0.3490210309    0.3026292784    0.0000000000    1.0
        0.3473053608    0.3060682474    0.0000000000    1.0
        0.3455896907    0.3095072165    0.0000000000    1.0
        0.3438740206    0.3129461856    0.0000000000    1.0
        0.3421583505    0.3163851546    0.0000000000    1.0
        0.3404426804    0.3198241237    0.0000000000    1.0
        0.3387270103    0.3232630928    0.0000000000    1.0
        0.3370113402    0.3267020619    0.0000000000    1.0
        0.3352956701    0.3301410309    0.0000000000    1.0
        0.3335800000    0.3335800000    0.0000000000    1.0
        0.3318516062    0.3318516062    0.0000000000    1.0
        0.3301232124    0.3301232124    0.0000000000    1.0
        0.3283948187    0.3283948187    0.0000000000    1.0
        0.3266664249    0.3266664249    0.0000000000    1.0
        0.3249380311    0.3249380311    0.0000000000    1.0
        0.3232096373    0.3232096373    0.0000000000    1.0
        0.3214812435    0.3214812435    0.0000000000    1.0
        0.3197528497    0.3197528497    0.0000000000    1.0
        0.3180244560    0.3180244560    0.0000000000    1.0
        0.3162960622    0.3162960622    0.0000000000    1.0
        0.3145676684    0.3145676684    0.0000000000    1.0
        0.3128392746    0.3128392746    0.0000000000    1.0
        0.3111108808    0.3111108808    0.0000000000    1.0
        0.3093824870    0.3093824870    0.0000000000    1.0
        0.3076540933    0.3076540933    0.0000000000    1.0
        0.3059256995    0.3059256995    0.0000000000    1.0
        0.3041973057    0.3041973057    0.0000000000    1.0
        0.3024689119    0.3024689119    0.0000000000    1.0
        0.3007405181    0.3007405181    0.0000000000    1.0
        0.2990121244    0.2990121244    0.0000000000    1.0
        0.2972837306    0.2972837306    0.0000000000    1.0
        0.2955553368    0.2955553368    0.0000000000    1.0
        0.2938269430    0.2938269430    0.0000000000    1.0
        0.2920985492    0.2920985492    0.0000000000    1.0
        0.2903701554    0.2903701554    0.0000000000    1.0
        0.2886417617    0.2886417617    0.0000000000    1.0
        0.2869133679    0.2869133679    0.0000000000    1.0
        0.2851849741    0.2851849741    0.0000000000    1.0
        0.2834565803    0.2834565803    0.0000000000    1.0
        0.2817281865    0.2817281865    0.0000000000    1.0
        0.2799997927    0.2799997927    0.0000000000    1.0
        0.2782713990    0.2782713990    0.0000000000    1.0
        0.2765430052    0.2765430052    0.0000000000    1.0
        0.2748146114    0.2748146114    0.0000000000    1.0
        0.2730862176    0.2730862176    0.0000000000    1.0
        0.2713578238    0.2713578238    0.0000000000    1.0
        0.2696294301    0.2696294301    0.0000000000    1.0
        0.2679010363    0.2679010363    0.0000000000    1.0
        0.2661726425    0.2661726425    0.0000000000    1.0
        0.2644442487    0.2644442487    0.0000000000    1.0
        0.2627158549    0.2627158549    0.0000000000    1.0
        0.2609874611    0.2609874611    0.0000000000    1.0
        0.2592590674    0.2592590674    0.0000000000    1.0
        0.2575306736    0.2575306736    0.0000000000    1.0
        0.2558022798    0.2558022798    0.0000000000    1.0
        0.2540738860    0.2540738860    0.0000000000    1.0
        0.2523454922    0.2523454922    0.0000000000    1.0
        0.2506170984    0.2506170984    0.0000000000    1.0
        0.2488887047    0.2488887047    0.0000000000    1.0
        0.2471603109    0.2471603109    0.0000000000    1.0
        0.2454319171    0.2454319171    0.0000000000    1.0
        0.2437035233    0.2437035233    0.0000000000    1.0
        0.2419751295    0.2419751295    0.0000000000    1.0
        0.2402467358    0.2402467358    0.0000000000    1.0
        0.2385183420    0.2385183420    0.0000000000    1.0
        0.2367899482    0.2367899482    0.0000000000    1.0
        0.2350615544    0.2350615544    0.0000000000    1.0
        0.2333331606    0.2333331606    0.0000000000    1.0
        0.2316047668    0.2316047668    0.0000000000    1.0
        0.2298763731    0.2298763731    0.0000000000    1.0
        0.2281479793    0.2281479793    0.0000000000    1.0
        0.2264195855    0.2264195855    0.0000000000    1.0
        0.2246911917    0.2246911917    0.0000000000    1.0
        0.2229627979    0.2229627979    0.0000000000    1.0
        0.2212344041    0.2212344041    0.0000000000    1.0
        0.2195060104    0.2195060104    0.0000000000    1.0
        0.2177776166    0.2177776166    0.0000000000    1.0
        0.2160492228    0.2160492228    0.0000000000    1.0
        0.2143208290    0.2143208290    0.0000000000    1.0
        0.2125924352    0.2125924352    0.0000000000    1.0
        0.2108640415    0.2108640415    0.0000000000    1.0
        0.2091356477    0.2091356477    0.0000000000    1.0
        0.2074072539    0.2074072539    0.0000000000    1.0
        0.2056788601    0.2056788601    0.0000000000    1.0
        0.2039504663    0.2039504663    0.0000000000    1.0
        0.2022220725    0.2022220725    0.0000000000    1.0
        0.2004936788    0.2004936788    0.0000000000    1.0
        0.1987652850    0.1987652850    0.0000000000    1.0
        0.1970368912    0.1970368912    0.0000000000    1.0
        0.1953084974    0.1953084974    0.0000000000    1.0
        0.1935801036    0.1935801036    0.0000000000    1.0
        0.1918517098    0.1918517098    0.0000000000    1.0
        0.1901233161    0.1901233161    0.0000000000    1.0
        0.1883949223    0.1883949223    0.0000000000    1.0
        0.1866665285    0.1866665285    0.0000000000    1.0
        0.1849381347    0.1849381347    0.0000000000    1.0
        0.1832097409    0.1832097409    0.0000000000    1.0
        0.1814813472    0.1814813472    0.0000000000    1.0
        0.1797529534    0.1797529534    0.0000000000    1.0
        0.1780245596    0.1780245596    0.0000000000    1.0
        0.1762961658    0.1762961658    0.0000000000    1.0
        0.1745677720    0.1745677720    0.0000000000    1.0
        0.1728393782    0.1728393782    0.0000000000    1.0
        0.1711109845    0.1711109845    0.0000000000    1.0
        0.1693825907    0.1693825907    0.0000000000    1.0
        0.1676541969    0.1676541969    0.0000000000    1.0
        0.1659258031    0.1659258031    0.0000000000    1.0
        0.1641974093    0.1641974093    0.0000000000    1.0
        0.1624690155    0.1624690155    0.0000000000    1.0
        0.1607406218    0.1607406218    0.0000000000    1.0
        0.1590122280    0.1590122280    0.0000000000    1.0
        0.1572838342    0.1572838342    0.0000000000    1.0
        0.1555554404    0.1555554404    0.0000000000    1.0
        0.1538270466    0.1538270466    0.0000000000    1.0
        0.1520986528    0.1520986528    0.0000000000    1.0
        0.1503702591    0.1503702591    0.0000000000    1.0
        0.1486418653    0.1486418653    0.0000000000    1.0
        0.1469134715    0.1469134715    0.0000000000    1.0
        0.1451850777    0.1451850777    0.0000000000    1.0
        0.1434566839    0.1434566839    0.0000000000    1.0
        0.1417282902    0.1417282902    0.0000000000    1.0
        0.1399998964    0.1399998964    0.0000000000    1.0
        0.1382715026    0.1382715026    0.0000000000    1.0
        0.1365431088    0.1365431088    0.0000000000    1.0
        0.1348147150    0.1348147150    0.0000000000    1.0
        0.1330863212    0.1330863212    0.0000000000    1.0
        0.1313579275    0.1313579275    0.0000000000    1.0
        0.1296295337    0.1296295337    0.0000000000    1.0
        0.1279011399    0.1279011399    0.0000000000    1.0
        0.1261727461    0.1261727461    0.0000000000    1.0
        0.1244443523    0.1244443523    0.0000000000    1.0
        0.1227159585    0.1227159585    0.0000000000    1.0
        0.1209875648    0.1209875648    0.0000000000    1.0
        0.1192591710    0.1192591710    0.0000000000    1.0
        0.1175307772    0.1175307772    0.0000000000    1.0
        0.1158023834    0.1158023834    0.0000000000    1.0
        0.1140739896    0.1140739896    0.0000000000    1.0
        0.1123455959    0.1123455959    0.0000000000    1.0
        0.1106172021    0.1106172021    0.0000000000    1.0
        0.1088888083    0.1088888083    0.0000000000    1.0
        0.1071604145    0.1071604145    0.0000000000    1.0
        0.1054320207    0.1054320207    0.0000000000    1.0
        0.1037036269    0.1037036269    0.0000000000    1.0
        0.1019752332    0.1019752332    0.0000000000    1.0
        0.1002468394    0.1002468394    0.0000000000    1.0
        0.0985184456    0.0985184456    0.0000000000    1.0
        0.0967900518    0.0967900518    0.0000000000    1.0
        0.0950616580    0.0950616580    0.0000000000    1.0
        0.0933332642    0.0933332642    0.0000000000    1.0
        0.0916048705    0.0916048705    0.0000000000    1.0
        0.0898764767    0.0898764767    0.0000000000    1.0
        0.0881480829    0.0881480829    0.0000000000    1.0
        0.0864196891    0.0864196891    0.0000000000    1.0
        0.0846912953    0.0846912953    0.0000000000    1.0
        0.0829629016    0.0829629016    0.0000000000    1.0
        0.0812345078    0.0812345078    0.0000000000    1.0
        0.0795061140    0.0795061140    0.0000000000    1.0
        0.0777777202    0.0777777202    0.0000000000    1.0
        0.0760493264    0.0760493264    0.0000000000    1.0
        0.0743209326    0.0743209326    0.0000000000    1.0
        0.0725925389    0.0725925389    0.0000000000    1.0
        0.0708641451    0.0708641451    0.0000000000    1.0
        0.0691357513    0.0691357513    0.0000000000    1.0
        0.0674073575    0.0674073575    0.0000000000    1.0
        0.0656789637    0.0656789637    0.0000000000    1.0
        0.0639505699    0.0639505699    0.0000000000    1.0
        0.0622221762    0.0622221762    0.0000000000    1.0
        0.0604937824    0.0604937824    0.0000000000    1.0
        0.0587653886    0.0587653886    0.0000000000    1.0
        0.0570369948    0.0570369948    0.0000000000    1.0
        0.0553086010    0.0553086010    0.0000000000    1.0
        0.0535802073    0.0535802073    0.0000000000    1.0
        0.0518518135    0.0518518135    0.0000000000    1.0
        0.0501234197    0.0501234197    0.0000000000    1.0
        0.0483950259    0.0483950259    0.0000000000    1.0
        0.0466666321    0.0466666321    0.0000000000    1.0
        0.0449382383    0.0449382383    0.0000000000    1.0
        0.0432098446    0.0432098446    0.0000000000    1.0
        0.0414814508    0.0414814508    0.0000000000    1.0
        0.0397530570    0.0397530570    0.0000000000    1.0
        0.0380246632    0.0380246632    0.0000000000    1.0
        0.0362962694    0.0362962694    0.0000000000    1.0
        0.0345678756    0.0345678756    0.0000000000    1.0
        0.0328394819    0.0328394819    0.0000000000    1.0
        0.0311110881    0.0311110881    0.0000000000    1.0
        0.0293826943    0.0293826943    0.0000000000    1.0
        0.0276543005    0.0276543005    0.0000000000    1.0
        0.0259259067    0.0259259067    0.0000000000    1.0
        0.0241975130    0.0241975130    0.0000000000    1.0
        0.0224691192    0.0224691192    0.0000000000    1.0
        0.0207407254    0.0207407254    0.0000000000    1.0
        0.0190123316    0.0190123316    0.0000000000    1.0
        0.0172839378    0.0172839378    0.0000000000    1.0
        0.0155555440    0.0155555440    0.0000000000    1.0
        0.0138271503    0.0138271503    0.0000000000    1.0
        0.0120987565    0.0120987565    0.0000000000    1.0
        0.0103703627    0.0103703627    0.0000000000    1.0
        0.0086419689    0.0086419689    0.0000000000    1.0
        0.0069135751    0.0069135751    0.0000000000    1.0
        0.0051851813    0.0051851813    0.0000000000    1.0
        0.0034567876    0.0034567876    0.0000000000    1.0
        0.0017283938    0.0017283938    0.0000000000    1.0
        0.0000000000    0.0000000000    0.0000000000    1.0
        0.0000000000    0.0000000000    0.0058823529    1.0
        0.0000000000    0.0000000000    0.0117647059    1.0
        0.0000000000    0.0000000000    0.0176470588    1.0
        0.0000000000    0.0000000000    0.0235294118    1.0
        0.0000000000    0.0000000000    0.0294117647    1.0
        0.0000000000    0.0000000000    0.0352941176    1.0
        0.0000000000    0.0000000000    0.0411764706    1.0
        0.0000000000    0.0000000000    0.0470588235    1.0
        0.0000000000    0.0000000000    0.0529411765    1.0
        0.0000000000    0.0000000000    0.0588235294    1.0
        0.0000000000    0.0000000000    0.0647058824    1.0
        0.0000000000    0.0000000000    0.0705882353    1.0
        0.0000000000    0.0000000000    0.0764705882    1.0
        0.0000000000    0.0000000000    0.0823529412    1.0
        0.0000000000    0.0000000000    0.0882352941    1.0
        0.0000000000    0.0000000000    0.0941176471    1.0
        0.0000000000    0.0000000000    0.1000000000    1.0
        0.0000000000    0.0000000000    0.1058823529    1.0
        0.0000000000    0.0000000000    0.1117647059    1.0
        0.0000000000    0.0000000000    0.1176470588    1.0
        0.0000000000    0.0000000000    0.1235294118    1.0
        0.0000000000    0.0000000000    0.1294117647    1.0
        0.0000000000    0.0000000000    0.1352941176    1.0
        0.0000000000    0.0000000000    0.1411764706    1.0
        0.0000000000    0.0000000000    0.1470588235    1.0
        0.0000000000    0.0000000000    0.1529411765    1.0
        0.0000000000    0.0000000000    0.1588235294    1.0
        0.0000000000    0.0000000000    0.1647058824    1.0
        0.0000000000    0.0000000000    0.1705882353    1.0
        0.0000000000    0.0000000000    0.1764705882    1.0
        0.0000000000    0.0000000000    0.1823529412    1.0
        0.0000000000    0.0000000000    0.1882352941    1.0
        0.0000000000    0.0000000000    0.1941176471    1.0
        0.0000000000    0.0000000000    0.2000000000    1.0
        0.0000000000    0.0000000000    0.2058823529    1.0
        0.0000000000    0.0000000000    0.2117647059    1.0
        0.0000000000    0.0000000000    0.2176470588    1.0
        0.0000000000    0.0000000000    0.2235294118    1.0
        0.0000000000    0.0000000000    0.2294117647    1.0
        0.0000000000    0.0000000000    0.2352941176    1.0
        0.0000000000    0.0000000000    0.2411764706    1.0
        0.0000000000    0.0000000000    0.2470588235    1.0
        0.0000000000    0.0000000000    0.2529411765    1.0
        0.0000000000    0.0000000000    0.2588235294    1.0
        0.0000000000    0.0000000000    0.2647058824    1.0
        0.0000000000    0.0000000000    0.2705882353    1.0
        0.0000000000    0.0000000000    0.2764705882    1.0
        0.0000000000    0.0000000000    0.2823529412    1.0
        0.0000000000    0.0000000000    0.2882352941    1.0
        0.0000000000    0.0000000000    0.2941176471    1.0
        0.0000000000    0.0000000000    0.3000000000    1.0
        0.0000000000    0.0000000000    0.3058823529    1.0
        0.0000000000    0.0000000000    0.3117647059    1.0
        0.0000000000    0.0000000000    0.3176470588    1.0
        0.0000000000    0.0000000000    0.3235294118    1.0
        0.0000000000    0.0000000000    0.3294117647    1.0
        0.0000000000    0.0000000000    0.3352941176    1.0
        0.0000000000    0.0000000000    0.3411764706    1.0
        0.0000000000    0.0000000000    0.3470588235    1.0
        0.0000000000    0.0000000000    0.3529411765    1.0
        0.0000000000    0.0000000000    0.3588235294    1.0
        0.0000000000    0.0000000000    0.3647058824    1.0
        0.0000000000    0.0000000000    0.3705882353    1.0
        0.0000000000    0.0000000000    0.3764705882    1.0
        0.0000000000    0.0000000000    0.3823529412    1.0
        0.0000000000    0.0000000000    0.3882352941    1.0
        0.0000000000    0.0000000000    0.3941176471    1.0
        0.0000000000    0.0000000000    0.4000000000    1.0
        0.0000000000    0.0000000000    0.4058823529    1.0
        0.0000000000    0.0000000000    0.4117647059    1.0
        0.0000000000    0.0000000000    0.4176470588    1.0
        0.0000000000    0.0000000000    0.4235294118    1.0
        0.0000000000    0.0000000000    0.4294117647    1.0
        0.0000000000    0.0000000000    0.4352941176    1.0
        0.0000000000    0.0000000000    0.4411764706    1.0
        0.0000000000    0.0000000000    0.4470588235    1.0
        0.0000000000    0.0000000000    0.4529411765    1.0
        0.0000000000    0.0000000000    0.4588235294    1.0
        0.0000000000    0.0000000000    0.4647058824    1.0
        0.0000000000    0.0000000000    0.4705882353    1.0
        0.0000000000    0.0000000000    0.4764705882    1.0
        0.0000000000    0.0000000000    0.4823529412    1.0
        0.0000000000    0.0000000000    0.4882352941    1.0
        0.0000000000    0.0000000000    0.4941176471    1.0
        0.0000000000    0.0000000000    0.5000000000    1.0
        0.0029919760    0.0000010180    0.4999941317    1.0
        0.0059839521    0.0000020359    0.4999882635    1.0
        0.0089759281    0.0000030539    0.4999823952    1.0
        0.0119679042    0.0000040719    0.4999765269    1.0
        0.0149598802    0.0000050898    0.4999706587    1.0
        0.0179518563    0.0000061078    0.4999647904    1.0
        0.0209438323    0.0000071257    0.4999589222    1.0
        0.0239358084    0.0000081437    0.4999530539    1.0
        0.0269277844    0.0000091617    0.4999471856    1.0
        0.0299197605    0.0000101796    0.4999413174    1.0
        0.0329117365    0.0000111976    0.4999354491    1.0
        0.0359037126    0.0000122156    0.4999295808    1.0
        0.0388956886    0.0000132335    0.4999237126    1.0
        0.0418876647    0.0000142515    0.4999178443    1.0
        0.0448796407    0.0000152695    0.4999119760    1.0
        0.0478716168    0.0000162874    0.4999061078    1.0
        0.0508635928    0.0000173054    0.4999002395    1.0
        0.0538555689    0.0000183234    0.4998943713    1.0
        0.0568475449    0.0000193413    0.4998885030    1.0
        0.0598395210    0.0000203593    0.4998826347    1.0
        0.0628314970    0.0000213772    0.4998767665    1.0
        0.0658234731    0.0000223952    0.4998708982    1.0
        0.0688154491    0.0000234132    0.4998650299    1.0
        0.0718074251    0.0000244311    0.4998591617    1.0
        0.0747994012    0.0000254491    0.4998532934    1.0
        0.0777913772    0.0000264671    0.4998474251    1.0
        0.0807833533    0.0000274850    0.4998415569    1.0
        0.0837753293    0.0000285030    0.4998356886    1.0
        0.0867673054    0.0000295210    0.4998298204    1.0
        0.0897592814    0.0000305389    0.4998239521    1.0
        0.0927512575    0.0000315569    0.4998180838    1.0
        0.0957432335    0.0000325749    0.4998122156    1.0
        0.0987352096    0.0000335928    0.4998063473    1.0
        0.1017271856    0.0000346108    0.4998004790    1.0
        0.1047191617    0.0000356287    0.4997946108    1.0
        0.1077111377    0.0000366467    0.4997887425    1.0
        0.1107031138    0.0000376647    0.4997828743    1.0
        0.1136950898    0.0000386826    0.4997770060    1.0
        0.1166870659    0.0000397006    0.4997711377    1.0
        0.1196790419    0.0000407186    0.4997652695    1.0
        0.1226710180    0.0000417365    0.4997594012    1.0
        0.1256629940    0.0000427545    0.4997535329    1.0
        0.1286549701    0.0000437725    0.4997476647    1.0
        0.1316469461    0.0000447904    0.4997417964    1.0
        0.1346389222    0.0000458084    0.4997359281    1.0
        0.1376308982    0.0000468263    0.4997300599    1.0
        0.1406228743    0.0000478443    0.4997241916    1.0
        0.1436148503    0.0000488623    0.4997183234    1.0
        0.1466068263    0.0000498802    0.4997124551    1.0
        0.1495988024    0.0000508982    0.4997065868    1.0
        0.1525907784    0.0000519162    0.4997007186    1.0
        0.1555827545    0.0000529341    0.4996948503    1.0
        0.1585747305    0.0000539521    0.4996889820    1.0
        0.1615667066    0.0000549701    0.4996831138    1.0
        0.1645586826    0.0000559880    0.4996772455    1.0
        0.1675506587    0.0000570060    0.4996713772    1.0
        0.1705426347    0.0000580240    0.4996655090    1.0
        0.1735346108    0.0000590419    0.4996596407    1.0
        0.1765265868    0.0000600599    0.4996537725    1.0
        0.1795185629    0.0000610778    0.4996479042    1.0
        0.1825105389    0.0000620958    0.4996420359    1.0
        0.1855025150    0.0000631138    0.4996361677    1.0
        0.1884944910    0.0000641317    0.4996302994    1.0
        0.1914864671    0.0000651497    0.4996244311    1.0
        0.1944784431    0.0000661677    0.4996185629    1.0
        0.1974704192    0.0000671856    0.4996126946    1.0
        0.2004623952    0.0000682036    0.4996068263    1.0
        0.2034543713    0.0000692216    0.4996009581    1.0
        0.2064463473    0.0000702395    0.4995950898    1.0
        0.2094383234    0.0000712575    0.4995892216    1.0
        0.2124302994    0.0000722754    0.4995833533    1.0
        0.2154222754    0.0000732934    0.4995774850    1.0
        0.2184142515    0.0000743114    0.4995716168    1.0
        0.2214062275    0.0000753293    0.4995657485    1.0
        0.2243982036    0.0000763473    0.4995598802    1.0
        0.2273901796    0.0000773653    0.4995540120    1.0
        0.2303821557    0.0000783832    0.4995481437    1.0
        0.2333741317    0.0000794012    0.4995422754    1.0
        0.2363661078    0.0000804192    0.4995364072    1.0
        0.2393580838    0.0000814371    0.4995305389    1.0
        0.2423500599    0.0000824551    0.4995246707    1.0
        0.2453420359    0.0000834731    0.4995188024    1.0
        0.2483340120    0.0000844910    0.4995129341    1.0
        0.2513259880    0.0000855090    0.4995070659    1.0
        0.2543179641    0.0000865269    0.4995011976    1.0
        0.2573099401    0.0000875449    0.4994953293    1.0
        0.2603019162    0.0000885629    0.4994894611    1.0
        0.2632938922    0.0000895808    0.4994835928    1.0
        0.2662858683    0.0000905988    0.4994777246    1.0
        0.2692778443    0.0000916168    0.4994718563    1.0
        0.2722698204    0.0000926347    0.4994659880    1.0
        0.2752617964    0.0000936527    0.4994601198    1.0
        0.2782537725    0.0000946707    0.4994542515    1.0
        0.2812457485    0.0000956886    0.4994483832    1.0
        0.2842377246    0.0000967066    0.4994425150    1.0
        0.2872297006    0.0000977246    0.4994366467    1.0
        0.2902216766    0.0000987425    0.4994307784    1.0
        0.2932136527    0.0000997605    0.4994249102    1.0
        0.2962056287    0.0001007784    0.4994190419    1.0
        0.2991976048    0.0001017964    0.4994131737    1.0
        0.3021895808    0.0001028144    0.4994073054    1.0
        0.3051815569    0.0001038323    0.4994014371    1.0
        0.3081735329    0.0001048503    0.4993955689    1.0
        0.3111655090    0.0001058683    0.4993897006    1.0
        0.3141574850    0.0001068862    0.4993838323    1.0
        0.3171494611    0.0001079042    0.4993779641    1.0
        0.3201414371    0.0001089222    0.4993720958    1.0
        0.3231334132    0.0001099401    0.4993662275    1.0
        0.3261253892    0.0001109581    0.4993603593    1.0
        0.3291173653    0.0001119760    0.4993544910    1.0
        0.3321093413    0.0001129940    0.4993486228    1.0
        0.3351013174    0.0001140120    0.4993427545    1.0
        0.3380932934    0.0001150299    0.4993368862    1.0
        0.3410852695    0.0001160479    0.4993310180    1.0
        0.3440772455    0.0001170659    0.4993251497    1.0
        0.3470692216    0.0001180838    0.4993192814    1.0
        0.3500611976    0.0001191018    0.4993134132    1.0
        0.3530531737    0.0001201198    0.4993075449    1.0
        0.3560451497    0.0001211377    0.4993016766    1.0
        0.3590371257    0.0001221557    0.4992958084    1.0
        0.3620291018    0.0001231737    0.4992899401    1.0
        0.3650210778    0.0001241916    0.4992840719    1.0
        0.3680130539    0.0001252096    0.4992782036    1.0
        0.3710050299    0.0001262275    0.4992723353    1.0
        0.3739970060    0.0001272455    0.4992664671    1.0
        0.3769889820    0.0001282635    0.4992605988    1.0
        0.3799809581    0.0001292814    0.4992547305    1.0
        0.3829729341    0.0001302994    0.4992488623    1.0
        0.3859649102    0.0001313174    0.4992429940    1.0
        0.3889568862    0.0001323353    0.4992371257    1.0
        0.3919488623    0.0001333533    0.4992312575    1.0
        0.3949408383    0.0001343713    0.4992253892    1.0
        0.3979328144    0.0001353892    0.4992195210    1.0
        0.4009247904    0.0001364072    0.4992136527    1.0
        0.4039167665    0.0001374251    0.4992077844    1.0
        0.4069087425    0.0001384431    0.4992019162    1.0
        0.4099007186    0.0001394611    0.4991960479    1.0
        0.4128926946    0.0001404790    0.4991901796    1.0
        0.4158846707    0.0001414970    0.4991843114    1.0
        0.4188766467    0.0001425150    0.4991784431    1.0
        0.4218686228    0.0001435329    0.4991725749    1.0
        0.4248605988    0.0001445509    0.4991667066    1.0
        0.4278525749    0.0001455689    0.4991608383    1.0
        0.4308445509    0.0001465868    0.4991549701    1.0
        0.4338365269    0.0001476048    0.4991491018    1.0
        0.4368285030    0.0001486228    0.4991432335    1.0
        0.4398204790    0.0001496407    0.4991373653    1.0
        0.4428124551    0.0001506587    0.4991314970    1.0
        0.4458044311    0.0001516766    0.4991256287    1.0
        0.4487964072    0.0001526946    0.4991197605    1.0
        0.4517883832    0.0001537126    0.4991138922    1.0
        0.4547803593    0.0001547305    0.4991080240    1.0
        0.4577723353    0.0001557485    0.4991021557    1.0
        0.4607643114    0.0001567665    0.4990962874    1.0
        0.4637562874    0.0001577844    0.4990904192    1.0
        0.4667482635    0.0001588024    0.4990845509    1.0
        0.4697402395    0.0001598204    0.4990786826    1.0
        0.4727322156    0.0001608383    0.4990728144    1.0
        0.4757241916    0.0001618563    0.4990669461    1.0
        0.4787161677    0.0001628743    0.4990610778    1.0
        0.4817081437    0.0001638922    0.4990552096    1.0
        0.4847001198    0.0001649102    0.4990493413    1.0
        0.4876920958    0.0001659281    0.4990434731    1.0
        0.4906840719    0.0001669461    0.4990376048    1.0
        0.4936760479    0.0001679641    0.4990317365    1.0
        0.4966680240    0.0001689820    0.4990258683    1.0
        0.4996600000    0.0001700000    0.4990200000    1.0
        0.4979460825    0.0036054639    0.4990301031    1.0
        0.4962321649    0.0070409278    0.4990402062    1.0
        0.4945182474    0.0104763918    0.4990503093    1.0
        0.4928043299    0.0139118557    0.4990604124    1.0
        0.4910904124    0.0173473196    0.4990705155    1.0
        0.4893764948    0.0207827835    0.4990806186    1.0
        0.4876625773    0.0242182474    0.4990907216    1.0
        0.4859486598    0.0276537113    0.4991008247    1.0
        0.4842347423    0.0310891753    0.4991109278    1.0
        0.4825208247    0.0345246392    0.4991210309    1.0
        0.4808069072    0.0379601031    0.4991311340    1.0
        0.4790929897    0.0413955670    0.4991412371    1.0
        0.4773790722    0.0448310309    0.4991513402    1.0
        0.4756651546    0.0482664948    0.4991614433    1.0
        0.4739512371    0.0517019588    0.4991715464    1.0
        0.4722373196    0.0551374227    0.4991816495    1.0
        0.4705234021    0.0585728866    0.4991917526    1.0
        0.4688094845    0.0620083505    0.4992018557    1.0
        0.4670955670    0.0654438144    0.4992119588    1.0
        0.4653816495    0.0688792784    0.4992220619    1.0
        0.4636677320    0.0723147423    0.4992321649    1.0
        0.4619538144    0.0757502062    0.4992422680    1.0
        0.4602398969    0.0791856701    0.4992523711    1.0
        0.4585259794    0.0826211340    0.4992624742    1.0
        0.4568120619    0.0860565979    0.4992725773    1.0
        0.4550981443    0.0894920619    0.4992826804    1.0
        0.4533842268    0.0929275258    0.4992927835    1.0
        0.4516703093    0.0963629897    0.4993028866    1.0
        0.4499563918    0.0997984536    0.4993129897    1.0
        0.4482424742    0.1032339175    0.4993230928    1.0
        0.4465285567    0.1066693814    0.4993331959    1.0
        0.4448146392    0.1101048454    0.4993432990    1.0
        0.4431007216    0.1135403093    0.4993534021    1.0
        0.4413868041    0.1169757732    0.4993635052    1.0
        0.4396728866    0.1204112371    0.4993736082    1.0
        0.4379589691    0.1238467010    0.4993837113    1.0
        0.4362450515    0.1272821649    0.4993938144    1.0
        0.4345311340    0.1307176289    0.4994039175    1.0
        0.4328172165    0.1341530928    0.4994140206    1.0
        0.4311032990    0.1375885567    0.4994241237    1.0
        0.4293893814    0.1410240206    0.4994342268    1.0
        0.4276754639    0.1444594845    0.4994443299    1.0
        0.4259615464    0.1478949485    0.4994544330    1.0
        0.4242476289    0.1513304124    0.4994645361    1.0
        0.4225337113    0.1547658763    0.4994746392    1.0
        0.4208197938    0.1582013402    0.4994847423    1.0
        0.4191058763    0.1616368041    0.4994948454    1.0
        0.4173919588    0.1650722680    0.4995049485    1.0
        0.4156780412    0.1685077320    0.4995150515    1.0
        0.4139641237    0.1719431959    0.4995251546    1.0
        0.4122502062    0.1753786598    0.4995352577    1.0
        0.4105362887    0.1788141237    0.4995453608    1.0
        0.4088223711    0.1822495876    0.4995554639    1.0
        0.4071084536    0.1856850515    0.4995655670    1.0
        0.4053945361    0.1891205155    0.4995756701    1.0
        0.4036806186    0.1925559794    0.4995857732    1.0
        0.4019667010    0.1959914433    0.4995958763    1.0
        0.4002527835    0.1994269072    0.4996059794    1.0
        0.3985388660    0.2028623711    0.4996160825    1.0
        0.3968249485    0.2062978351    0.4996261856    1.0
        0.3951110309    0.2097332990    0.4996362887    1.0
        0.3933971134    0.2131687629    0.4996463918    1.0
        0.3916831959    0.2166042268    0.4996564948    1.0
        0.3899692784    0.2200396907    0.4996665979    1.0
        0.3882553608    0.2234751546    0.4996767010    1.0
        0.3865414433    0.2269106186    0.4996868041    1.0
        0.3848275258    0.2303460825    0.4996969072    1.0
        0.3831136082    0.2337815464    0.4997070103    1.0
        0.3813996907    0.2372170103    0.4997171134    1.0
        0.3796857732    0.2406524742    0.4997272165    1.0
        0.3779718557    0.2440879381    0.4997373196    1.0
        0.3762579381    0.2475234021    0.4997474227    1.0
        0.3745440206    0.2509588660    0.4997575258    1.0
        0.3728301031    0.2543943299    0.4997676289    1.0
        0.3711161856    0.2578297938    0.4997777320    1.0
        0.3694022680    0.2612652577    0.4997878351    1.0
        0.3676883505    0.2647007216    0.4997979381    1.0
        0.3659744330    0.2681361856    0.4998080412    1.0
        0.3642605155    0.2715716495    0.4998181443    1.0
        0.3625465979    0.2750071134    0.4998282474    1.0
        0.3608326804    0.2784425773    0.4998383505    1.0
        0.3591187629    0.2818780412    0.4998484536    1.0
        0.3574048454    0.2853135052    0.4998585567    1.0
        0.3556909278    0.2887489691    0.4998686598    1.0
        0.3539770103    0.2921844330    0.4998787629    1.0
        0.3522630928    0.2956198969    0.4998888660    1.0
        0.3505491753    0.2990553608    0.4998989691    1.0
        0.3488352577    0.3024908247    0.4999090722    1.0
        0.3471213402    0.3059262887    0.4999191753    1.0
        0.3454074227    0.3093617526    0.4999292784    1.0
        0.3436935052    0.3127972165    0.4999393814    1.0
        0.3419795876    0.3162326804    0.4999494845    1.0
        0.3402656701    0.3196681443    0.4999595876    1.0
        0.3385517526    0.3231036082    0.4999696907    1.0
        0.3368378351    0.3265390722    0.4999797938    1.0
        0.3351239175    0.3299745361    0.4999898969    1.0
        0.3334100000    0.3334100000    0.5000000000    1.0
        0.3316824870    0.3316824870    0.5000000000    1.0
        0.3299549741    0.3299549741    0.5000000000    1.0
        0.3282274611    0.3282274611    0.5000000000    1.0
        0.3264999482    0.3264999482    0.5000000000    1.0
        0.3247724352    0.3247724352    0.5000000000    1.0
        0.3230449223    0.3230449223    0.5000000000    1.0
        0.3213174093    0.3213174093    0.5000000000    1.0
        0.3195898964    0.3195898964    0.5000000000    1.0
        0.3178623834    0.3178623834    0.5000000000    1.0
        0.3161348705    0.3161348705    0.5000000000    1.0
        0.3144073575    0.3144073575    0.5000000000    1.0
        0.3126798446    0.3126798446    0.5000000000    1.0
        0.3109523316    0.3109523316    0.5000000000    1.0
        0.3092248187    0.3092248187    0.5000000000    1.0
        0.3074973057    0.3074973057    0.5000000000    1.0
        0.3057697927    0.3057697927    0.5000000000    1.0
        0.3040422798    0.3040422798    0.5000000000    1.0
        0.3023147668    0.3023147668    0.5000000000    1.0
        0.3005872539    0.3005872539    0.5000000000    1.0
        0.2988597409    0.2988597409    0.5000000000    1.0
        0.2971322280    0.2971322280    0.5000000000    1.0
        0.2954047150    0.2954047150    0.5000000000    1.0
        0.2936772021    0.2936772021    0.5000000000    1.0
        0.2919496891    0.2919496891    0.5000000000    1.0
        0.2902221762    0.2902221762    0.5000000000    1.0
        0.2884946632    0.2884946632    0.5000000000    1.0
        0.2867671503    0.2867671503    0.5000000000    1.0
        0.2850396373    0.2850396373    0.5000000000    1.0
        0.2833121244    0.2833121244    0.5000000000    1.0
        0.2815846114    0.2815846114    0.5000000000    1.0
        0.2798570984    0.2798570984    0.5000000000    1.0
        0.2781295855    0.2781295855    0.5000000000    1.0
        0.2764020725    0.2764020725    0.5000000000    1.0
        0.2746745596    0.2746745596    0.5000000000    1.0
        0.2729470466    0.2729470466    0.5000000000    1.0
        0.2712195337    0.2712195337    0.5000000000    1.0
        0.2694920207    0.2694920207    0.5000000000    1.0
        0.2677645078    0.2677645078    0.5000000000    1.0
        0.2660369948    0.2660369948    0.5000000000    1.0
        0.2643094819    0.2643094819    0.5000000000    1.0
        0.2625819689    0.2625819689    0.5000000000    1.0
        0.2608544560    0.2608544560    0.5000000000    1.0
        0.2591269430    0.2591269430    0.5000000000    1.0
        0.2573994301    0.2573994301    0.5000000000    1.0
        0.2556719171    0.2556719171    0.5000000000    1.0
        0.2539444041    0.2539444041    0.5000000000    1.0
        0.2522168912    0.2522168912    0.5000000000    1.0
        0.2504893782    0.2504893782    0.5000000000    1.0
        0.2487618653    0.2487618653    0.5000000000    1.0
        0.2470343523    0.2470343523    0.5000000000    1.0
        0.2453068394    0.2453068394    0.5000000000    1.0
        0.2435793264    0.2435793264    0.5000000000    1.0
        0.2418518135    0.2418518135    0.5000000000    1.0
        0.2401243005    0.2401243005    0.5000000000    1.0
        0.2383967876    0.2383967876    0.5000000000    1.0
        0.2366692746    0.2366692746    0.5000000000    1.0
        0.2349417617    0.2349417617    0.5000000000    1.0
        0.2332142487    0.2332142487    0.5000000000    1.0
        0.2314867358    0.2314867358    0.5000000000    1.0
        0.2297592228    0.2297592228    0.5000000000    1.0
        0.2280317098    0.2280317098    0.5000000000    1.0
        0.2263041969    0.2263041969    0.5000000000    1.0
        0.2245766839    0.2245766839    0.5000000000    1.0
        0.2228491710    0.2228491710    0.5000000000    1.0
        0.2211216580    0.2211216580    0.5000000000    1.0
        0.2193941451    0.2193941451    0.5000000000    1.0
        0.2176666321    0.2176666321    0.5000000000    1.0
        0.2159391192    0.2159391192    0.5000000000    1.0
        0.2142116062    0.2142116062    0.5000000000    1.0
        0.2124840933    0.2124840933    0.5000000000    1.0
        0.2107565803    0.2107565803    0.5000000000    1.0
        0.2090290674    0.2090290674    0.5000000000    1.0
        0.2073015544    0.2073015544    0.5000000000    1.0
        0.2055740415    0.2055740415    0.5000000000    1.0
        0.2038465285    0.2038465285    0.5000000000    1.0
        0.2021190155    0.2021190155    0.5000000000    1.0
        0.2003915026    0.2003915026    0.5000000000    1.0
        0.1986639896    0.1986639896    0.5000000000    1.0
        0.1969364767    0.1969364767    0.5000000000    1.0
        0.1952089637    0.1952089637    0.5000000000    1.0
        0.1934814508    0.1934814508    0.5000000000    1.0
        0.1917539378    0.1917539378    0.5000000000    1.0
        0.1900264249    0.1900264249    0.5000000000    1.0
        0.1882989119    0.1882989119    0.5000000000    1.0
        0.1865713990    0.1865713990    0.5000000000    1.0
        0.1848438860    0.1848438860    0.5000000000    1.0
        0.1831163731    0.1831163731    0.5000000000    1.0
        0.1813888601    0.1813888601    0.5000000000    1.0
        0.1796613472    0.1796613472    0.5000000000    1.0
        0.1779338342    0.1779338342    0.5000000000    1.0
        0.1762063212    0.1762063212    0.5000000000    1.0
        0.1744788083    0.1744788083    0.5000000000    1.0
        0.1727512953    0.1727512953    0.5000000000    1.0
        0.1710237824    0.1710237824    0.5000000000    1.0
        0.1692962694    0.1692962694    0.5000000000    1.0
        0.1675687565    0.1675687565    0.5000000000    1.0
        0.1658412435    0.1658412435    0.5000000000    1.0
        0.1641137306    0.1641137306    0.5000000000    1.0
        0.1623862176    0.1623862176    0.5000000000    1.0
        0.1606587047    0.1606587047    0.5000000000    1.0
        0.1589311917    0.1589311917    0.5000000000    1.0
        0.1572036788    0.1572036788    0.5000000000    1.0
        0.1554761658    0.1554761658    0.5000000000    1.0
        0.1537486528    0.1537486528    0.5000000000    1.0
        0.1520211399    0.1520211399    0.5000000000    1.0
        0.1502936269    0.1502936269    0.5000000000    1.0
        0.1485661140    0.1485661140    0.5000000000    1.0
        0.1468386010    0.1468386010    0.5000000000    1.0
        0.1451110881    0.1451110881    0.5000000000    1.0
        0.1433835751    0.1433835751    0.5000000000    1.0
        0.1416560622    0.1416560622    0.5000000000    1.0
        0.1399285492    0.1399285492    0.5000000000    1.0
        0.1382010363    0.1382010363    0.5000000000    1.0
        0.1364735233    0.1364735233    0.5000000000    1.0
        0.1347460104    0.1347460104    0.5000000000    1.0
        0.1330184974    0.1330184974    0.5000000000    1.0
        0.1312909845    0.1312909845    0.5000000000    1.0
        0.1295634715    0.1295634715    0.5000000000    1.0
        0.1278359585    0.1278359585    0.5000000000    1.0
        0.1261084456    0.1261084456    0.5000000000    1.0
        0.1243809326    0.1243809326    0.5000000000    1.0
        0.1226534197    0.1226534197    0.5000000000    1.0
        0.1209259067    0.1209259067    0.5000000000    1.0
        0.1191983938    0.1191983938    0.5000000000    1.0
        0.1174708808    0.1174708808    0.5000000000    1.0
        0.1157433679    0.1157433679    0.5000000000    1.0
        0.1140158549    0.1140158549    0.5000000000    1.0
        0.1122883420    0.1122883420    0.5000000000    1.0
        0.1105608290    0.1105608290    0.5000000000    1.0
        0.1088333161    0.1088333161    0.5000000000    1.0
        0.1071058031    0.1071058031    0.5000000000    1.0
        0.1053782902    0.1053782902    0.5000000000    1.0
        0.1036507772    0.1036507772    0.5000000000    1.0
        0.1019232642    0.1019232642    0.5000000000    1.0
        0.1001957513    0.1001957513    0.5000000000    1.0
        0.0984682383    0.0984682383    0.5000000000    1.0
        0.0967407254    0.0967407254    0.5000000000    1.0
        0.0950132124    0.0950132124    0.5000000000    1.0
        0.0932856995    0.0932856995    0.5000000000    1.0
        0.0915581865    0.0915581865    0.5000000000    1.0
        0.0898306736    0.0898306736    0.5000000000    1.0
        0.0881031606    0.0881031606    0.5000000000    1.0
        0.0863756477    0.0863756477    0.5000000000    1.0
        0.0846481347    0.0846481347    0.5000000000    1.0
        0.0829206218    0.0829206218    0.5000000000    1.0
        0.0811931088    0.0811931088    0.5000000000    1.0
        0.0794655959    0.0794655959    0.5000000000    1.0
        0.0777380829    0.0777380829    0.5000000000    1.0
        0.0760105699    0.0760105699    0.5000000000    1.0
        0.0742830570    0.0742830570    0.5000000000    1.0
        0.0725555440    0.0725555440    0.5000000000    1.0
        0.0708280311    0.0708280311    0.5000000000    1.0
        0.0691005181    0.0691005181    0.5000000000    1.0
        0.0673730052    0.0673730052    0.5000000000    1.0
        0.0656454922    0.0656454922    0.5000000000    1.0
        0.0639179793    0.0639179793    0.5000000000    1.0
        0.0621904663    0.0621904663    0.5000000000    1.0
        0.0604629534    0.0604629534    0.5000000000    1.0
        0.0587354404    0.0587354404    0.5000000000    1.0
        0.0570079275    0.0570079275    0.5000000000    1.0
        0.0552804145    0.0552804145    0.5000000000    1.0
        0.0535529016    0.0535529016    0.5000000000    1.0
        0.0518253886    0.0518253886    0.5000000000    1.0
        0.0500978756    0.0500978756    0.5000000000    1.0
        0.0483703627    0.0483703627    0.5000000000    1.0
        0.0466428497    0.0466428497    0.5000000000    1.0
        0.0449153368    0.0449153368    0.5000000000    1.0
        0.0431878238    0.0431878238    0.5000000000    1.0
        0.0414603109    0.0414603109    0.5000000000    1.0
        0.0397327979    0.0397327979    0.5000000000    1.0
        0.0380052850    0.0380052850    0.5000000000    1.0
        0.0362777720    0.0362777720    0.5000000000    1.0
        0.0345502591    0.0345502591    0.5000000000    1.0
        0.0328227461    0.0328227461    0.5000000000    1.0
        0.0310952332    0.0310952332    0.5000000000    1.0
        0.0293677202    0.0293677202    0.5000000000    1.0
        0.0276402073    0.0276402073    0.5000000000    1.0
        0.0259126943    0.0259126943    0.5000000000    1.0
        0.0241851813    0.0241851813    0.5000000000    1.0
        0.0224576684    0.0224576684    0.5000000000    1.0
        0.0207301554    0.0207301554    0.5000000000    1.0
        0.0190026425    0.0190026425    0.5000000000    1.0
        0.0172751295    0.0172751295    0.5000000000    1.0
        0.0155476166    0.0155476166    0.5000000000    1.0
        0.0138201036    0.0138201036    0.5000000000    1.0
        0.0120925907    0.0120925907    0.5000000000    1.0
        0.0103650777    0.0103650777    0.5000000000    1.0
        0.0086375648    0.0086375648    0.5000000000    1.0
        0.0069100518    0.0069100518    0.5000000000    1.0
        0.0051825389    0.0051825389    0.5000000000    1.0
        0.0034550259    0.0034550259    0.5000000000    1.0
        0.0017275130    0.0017275130    0.5000000000    1.0
        0.0000000000   -0.0000000000    0.5000000000    1.0

CELL_PARAMETERS (angstrom)
   3.419864000  -0.913994500   0.027244000
  -0.913994500   3.419864000  -0.027244000
  -0.046231554   0.046231554   6.006779129

                                                   
